-8847 
-8849 
-2560 
-2562 
-2558 
1970536624 
1967343264 
1615401915 
319432035 
247293203 
1615404345 
454231775 
1968799687 
1970536626 
-2554 
-2552 
247293206 
-2548 
-2550 
-2542 
-2544 
-2546 
-2528 
-2524 
-2540 
247958669 
-2384 
-2538 
301673223 
-2536 
-2530 
-2532 
-2534 
-2526 
-2512 
-2514 
-2506 
-2508 
-2504 
54060647 
-2500 
-2502 
-2496 
-2498 
-2492 
-2494 
-2488 
-2490 
-2484 
-2486 
-2480 
-2482 
-2476 
-2478 
-2472 
-2474 
-2468 
-2470 
984231161 
-2466 
-2464 
304990730 
-2460 
-2462 
-2456 
-2458 
247293176 
-2452 
-2454 
-2448 
-2450 
-2440 
-2444 
-2446 
-2438 
-2442 
-2430 
-2432 
-2428 
247293214 
-2426 
1160269683 
-2422 
-2424 
-2418 
-2420 
-2380 
-2416 
-2386 
-2414 
-2388 
-2412 
-2394 
-2410 
-2390 
-2408 
-2398 
-2406 
-2392 
-2404 
-2400 
-2402 
247293216 
-2382 
-2378 
-2376 
-2374 
-2372 
-2370 
-2368 
-2366 
-2364 
-2362 
-2360 
7270052 
7270055 
7270056 
7270058 
21069412 
993673509 
993673515 
21545939 
1601125109 
1601125136 
26653391 
26653390 
26653389 
26653388 
1150101849 
26653387 
26653386 
26653385 
26653384 
26653383 
-2143395365 
26653394 
26653393 
26653392 
26653396 
26653400 
26653402 
26653403 
26653404 
26653405 
26653406 
26653407 
-2143395366 
26653408 
26653414 
26653415 
26653416 
-1887796224 
1698094567 
27081298 
27081300 
27081301 
1643830811 
27081302 
1150101850 
1160269580 
1150101875 
298186506 
747560524 
298186510 
9791529 
31004228 
1152071958 
1643851245 
1643851239 
31004229 
288963460 
288976337 
31004230 
1698087079 
48930560 
1152071953 
1152071943 
247957029 
247958702 
304990723 
49511828 
298186499 
395710376 
1160269690 
48930588 
48945804 
48945801 
48945799 
48945797 
48945795 
48945792 
7270077 
49509575 
353914405 
49509980 
49510014 
920423484 
49510335 
49510365 
50773820 
49510370 
50773817 
49510378 
49510383 
7270040 
31004238 
49510397 
49510408 
288963465 
53358618 
53358714 
53358649 
53358700 
920423655 
53358706 
53358711 
49510415 
921305204 
49510418 
7270035 
49511698 
304990778 
301673135 
49511715 
49511720 
49511765 
49511781 
49511795 
49511821 
274156147 
-1887884934 
151854594 
-1887884917 
274156150 
288953354 
274156151 
288953370 
288953366 
274156153 
354734668 
354734667 
48900282 
921304562 
41337014 
41337020 
1160269578 
41337023 
41337027 
41337031 
50773846 
50773839 
1150101859 
1150101900 
50773842 
1150101889 
7270043 
50773834 
50773825 
921305006 
920423392 
920423382 
50773830 
50773828 
21133758 
21133759 
21133760 
21133761 
21133762 
21133763 
21133764 
21133765 
21545964 
250525999 
52635272 
52635273 
52635269 
52635270 
52635265 
52732230 
342647080 
52635279 
21545963 
250525998 
52635274 
52732399 
250221629 
31004285 
1644818711 
1644818715 
-1887621628 
-1887621624 
21069420 
983407599 
-2358 
21069421 
31004286 
-1887621620 
354734671 
1644818712 
1644818710 
52871154 
52871161 
1862252966 
-1851654833 
52871157 
1862252977 
52871159 
250225338 
151917543 
52871146 
52871149 
52871152 
304898244 
304898245 
52871144 
304898246 
342647082 
21069423 
247293286 
247293164 
52905103 
54060543 
354734674 
31004245 
7270071 
7270070 
7270067 
7270066 
7270065 
7270062 
7270061 
-2034126738 
53358688 
53358682 
921304957 
53358642 
920423652 
-2143395362 
53358626 
921345535 
55424432 
921345544 
-2143395364 
54060547 
-8761 
-8759 
54060488 
54060489 
1150101838 
54060376 
54060380 
54060383 
54060386 
54060390 
54060392 
54060396 
54060399 
54060401 
54060405 
54060407 
54060409 
54060411 
54060414 
54060417 
54060343 
1150101880 
54060421 
54060427 
54060433 
54060437 
54060442 
54060446 
54060449 
54060452 
54060455 
54060458 
54060461 
54060464 
54060467 
54060471 
54060474 
54060475 
54060478 
54060481 
54060484 
54060486 
301382603 
54060499 
54060595 
54060502 
1668111635 
54060506 
54060510 
54060515 
984231603 
54060524 
54060527 
54060545 
1668111636 
54060561 
1668111640 
54060557 
54060565 
54060492 
54060608 
54060611 
54060613 
54060615 
54060617 
54060649 
54060651 
985096827 
21069419 
54070538 
54070520 
54070540 
54070542 
54070548 
54070550 
54070553 
54070557 
54070558 
54070561 
54070564 
54070615 
54070583 
54070586 
52905141 
54070597 
54070601 
54070603 
54070620 
54070608 
54070606 
52905134 
54070611 
54070592 
288963474 
54093194 
54093197 
54093200 
984231425 
1187324690 
984231428 
54741756 
41337058 
1563622352 
41337049 
1563622351 
41337047 
41337044 
57627860 
1563529904 
1563529900 
54744188 
54744185 
54092996 
55424694 
921345545 
55424436 
55424440 
921345534 
55424443 
55424472 
55424635 
55424639 
55424644 
55424650 
55424658 
55424665 
55424673 
55424683 
55424437 
1643862538 
54060643 
1187324679 
57620252 
57620248 
31004273 
31004274 
31004275 
31004276 
31004277 
31004271 
59775853 
59775852 
31004259 
31004270 
54060645 
31004272 
54060620 
54060623 
54060624 
54060627 
54060628 
54060630 
54060632 
54060635 
54060637 
301677729 
1603595524 
301677725 
301677728 
301673175 
304990766 
31004280 
31004281 
274057352 
1563622361 
274057354 
1603595522 
274057355 
7270024 
7270027 
7270029 
7270009 
921305120 
7270034 
301673133 
1152071920 
7270030 
354891737 
7270041 
7270042 
54070613 
1150101835 
27081332 
27081333 
984231081 
151854598 
151854600 
151854604 
151854610 
151854614 
151854618 
151854706 
151854710 
151854712 
151854715 
151854719 
151854723 
151854727 
1601125112 
-1887865276 
151854759 
274082792 
-1888556230 
151854784 
151854764 
-1887865268 
151854761 
151854768 
151854770 
151854775 
151854778 
-1887865278 
-1887865275 
-1887865280 
-1887865265 
151854788 
-1886286497 
151854793 
-1886286512 
-1886286516 
-1886286495 
-1886286505 
-1886286510 
-1886286488 
921270535 
921270536 
151854798 
151854801 
151854805 
-1887763522 
151854811 
-1887763521 
151854812 
151854818 
151854855 
151854823 
151854827 
151854832 
151854837 
151854841 
151854845 
151854852 
151854857 
151854859 
151854861 
151854863 
151854870 
151854875 
151854879 
151854883 
151854886 
151854894 
151854891 
151854866 
151880403 
151880406 
151880413 
151880497 
151880424 
151880428 
151880432 
151880436 
151880440 
151880447 
151880450 
151880460 
151880467 
151880771 
151880473 
151880479 
151880483 
151880487 
151880491 
151880503 
151880511 
151880513 
151880520 
151880524 
151880528 
151854736 
151880775 
151880778 
151880784 
-1887859184 
151917301 
151917302 
-1887859206 
151917303 
151917314 
151917305 
151917306 
151917307 
151917310 
151917312 
151917354 
151917356 
151917362 
151917368 
151917374 
151917380 
151917383 
151917510 
151917424 
151917497 
151917580 
151917480 
151917595 
151917468 
151917452 
152063552 
151917440 
152062035 
151917434 
151880755 
151917388 
151917392 
151917398 
151917403 
151917408 
151917411 
151917418 
151917430 
151917517 
151917445 
151917522 
151917460 
151917476 
151917527 
151917503 
151917532 
151917484 
151917512 
151917561 
151917563 
151917569 
151917575 
151917585 
151917614 
151917608 
151917599 
151917590 
151917605 
151880767 
151917622 
302743150 
151917626 
152062034 
152062036 
152062038 
152062039 
152063390 
152062040 
152062042 
152063388 
152062044 
152062048 
152062050 
152063581 
152062052 
152063327 
152063333 
152063343 
152063383 
152063348 
152063352 
152063361 
152063367 
152063370 
152063372 
152063528 
152063501 
151880759 
151880765 
152063570 
152063563 
152063507 
152063565 
152063574 
152063593 
152063513 
152063518 
152063520 
152063525 
152063560 
152063534 
152063542 
152063545 
163639535 
163655038 
163655020 
244449804 
1600382094 
244449805 
244449807 
244449808 
21069424 
249661995 
21069425 
664212051 
244449810 
247957367 
21069422 
454256160 
1873019789 
-2053181562 
247293165 
247293166 
247293167 
247330376 
247293168 
247293169 
247293170 
247293171 
247293172 
247293173 
1160269614 
247957371 
247957376 
249338805 
1160269499 
247293178 
247330398 
1685591179 
247958728 
247330399 
247293177 
247293189 
247293190 
247293192 
247293193 
247293194 
247293217 
247293198 
247330380 
247958727 
247293202 
247293200 
1160269507 
1160269686 
247293201 
319432030 
247957030 
247957031 
247293208 
247293209 
247293210 
247293211 
249318066 
249318067 
247293215 
247293218 
985096754 
54070501 
985084904 
247957021 
985084873 
247293220 
247293221 
354721640 
247293274 
247958726 
247293253 
247957020 
247957022 
247957019 
247957018 
247956995 
247293248 
247293249 
247293250 
247293251 
247293252 
247293247 
247293257 
247293254 
247330377 
247293256 
247330378 
247330379 
1160269552 
247293188 
247353854 
247353855 
247353856 
247353859 
247353857 
247353860 
247353858 
247353861 
247353862 
247353863 
247353864 
247353865 
288753144 
288753141 
288753142 
288753143 
247956996 
247956997 
54070505 
247957008 
247957009 
247957005 
247957010 
247957004 
247957012 
247957013 
1160269664 
247957023 
301677732 
247957026 
247957027 
247957028 
237230497 
247957333 
247957334 
1563096029 
249338785 
247957368 
247957369 
247957372 
247957373 
247957374 
247957375 
247957370 
301673250 
301673241 
247958598 
247958611 
247958610 
247958608 
247958607 
247958606 
247958605 
247958604 
301673248 
247958601 
247958600 
247958599 
247293219 
985096764 
247958612 
247958613 
247958614 
247958615 
247958617 
247958618 
247958619 
247958620 
247958621 
247958622 
247958624 
247958625 
247958626 
247958627 
247958628 
247958629 
247958631 
247958632 
247958633 
247958634 
247958635 
247958636 
247958638 
247958639 
247958640 
247958641 
247958642 
247958643 
247958645 
247958646 
247958647 
247958648 
247958649 
247958650 
247958651 
247958653 
247958654 
247957025 
301677710 
247958666 
247958665 
247958663 
247958662 
247958661 
301673220 
247958659 
247958657 
247958667 
301673229 
247958668 
247958670 
247958672 
301673209 
301673215 
247958674 
247958675 
247958676 
247958678 
301677704 
247958679 
1160269703 
247958680 
319432025 
247958681 
301673206 
301677706 
301677703 
247958703 
247958705 
247958706 
247958707 
247958708 
247958724 
247293175 
247958725 
247958729 
247958731 
247958732 
247958733 
298186509 
48930592 
21545947 
21545948 
1377189446 
21545949 
298186520 
274070529 
249661436 
249661437 
274069728 
1644773888 
1967770415 
274069737 
274069735 
274069733 
274069731 
249661996 
249661997 
249661998 
52728502 
52635278 
52635287 
250221603 
250131779 
2137538421 
250131781 
342660349 
250131782 
250131786 
250218815 
1564466415 
250217033 
250221605 
250221606 
250221609 
250221612 
250221614 
250221616 
250221619 
250221621 
250221623 
250221626 
250221627 
250221631 
250221634 
250221635 
1377189445 
1377189444 
1377189434 
250221639 
1377189432 
250221641 
250221642 
250221645 
250225341 
250225342 
1659456268 
151917549 
250133215 
250133216 
-2143392595 
250133218 
52728506 
26083241 
342633514 
342660331 
274057356 
274057364 
274057358 
274057359 
274057362 
274057363 
274069780 
274069734 
274069787 
274069784 
274069779 
274069778 
274069777 
274070524 
274069736 
274069786 
274069781 
274069782 
274070508 
274070516 
274070520 
274070522 
274070526 
274070523 
274070525 
274070527 
274070528 
274070518 
52866098 
52866100 
274073134 
274073102 
274248808 
49572632 
274073125 
274073126 
1790852799 
274252695 
274073127 
274073132 
274252669 
274073133 
-2143395358 
274082794 
-1886288649 
-1888556173 
-1888556245 
-1888556209 
274082796 
-1888556198 
-1888556231 
274082802 
-1888556144 
274082803 
-1888556142 
274082805 
-1888556117 
-1888581130 
-1888556128 
274082807 
-1888556171 
274082809 
-1888556133 
-1888556125 
274082816 
-1888556234 
274082811 
-1887865284 
-1888581142 
274082812 
-1888556127 
-1888556150 
274082814 
151854755 
274082822 
274082824 
-1886285620 
49572641 
-2143395357 
49572638 
1790779977 
49572635 
274156161 
274156156 
274156157 
274156160 
274156159 
274246828 
274246829 
274073128 
274246831 
274246835 
274246832 
145291618 
-2143395356 
274246833 
274246834 
145291623 
274246837 
274252662 
274252664 
274252665 
274252666 
274252667 
274252668 
274252712 
274252696 
274252702 
49572630 
274252709 
274252708 
274252710 
274252711 
49572628 
274252717 
274073129 
274252720 
-1887884868 
278865328 
278865337 
278865329 
278865330 
-1887884791 
-1887884750 
-1887884907 
-1887884927 
-1887884775 
278865339 
278865334 
278865332 
278865333 
288953459 
288953358 
278865336 
-1887884743 
-1887884671 
278865335 
-1887884732 
288953444 
288750412 
288750413 
288750414 
288750416 
1914623337 
288753145 
288752005 
288754246 
288754244 
288777800 
288754245 
288752016 
288757365 
288757367 
288757364 
288777801 
288777802 
288777803 
288777805 
288777862 
288777806 
288777807 
288777861 
288777808 
288777810 
288777809 
288777824 
288777813 
288777823 
288777814 
-1887763498 
288777817 
288777820 
288777822 
288777825 
288777826 
288777827 
288777828 
288777829 
288777830 
2053377760 
-1887763485 
288777832 
288777834 
288777835 
288777836 
288777841 
288777837 
288777838 
288777839 
288777873 
-1887763473 
288777840 
-1887763510 
288777860 
288777867 
-2143395353 
288953352 
288953362 
-1886275265 
288953380 
288953356 
288953360 
288953364 
-1887884754 
1790797031 
288953374 
288953395 
288953397 
288953404 
288953406 
-1886275269 
-1886275246 
288953408 
288953410 
288953412 
288953414 
288953416 
288953376 
-1887884802 
288953446 
288953450 
288953418 
288953423 
288953434 
288953442 
288953454 
288953457 
288958053 
288958055 
288958054 
288958058 
288958059 
288958060 
288958061 
288958063 
-1887884677 
288958066 
288958073 
288958079 
288958082 
288958085 
-1887884783 
288958095 
-1887884805 
288958080 
288958081 
288958083 
288958089 
288963440 
31004253 
288963441 
288963443 
31004252 
288963462 
288976405 
-2436 
288976346 
288976338 
288976339 
288976341 
288976342 
288976343 
288976377 
288976374 
288976344 
288976345 
288976404 
31004254 
288976371 
288976372 
747560525 
298186505 
1857831719 
298186515 
298186516 
21545961 
21545962 
664226304 
298186517 
7270046 
7270047 
31004233 
31004234 
31004235 
31004236 
31004237 
1643862532 
31004239 
1643862534 
31004240 
31004241 
31004242 
31004243 
31004244 
304990762 
48930565 
304990761 
1152071957 
1377189433 
1659456384 
21545960 
299089272 
304898147 
304898148 
304898149 
304898150 
304898151 
304898152 
304898153 
304898154 
304898155 
304898156 
247293246 
247293245 
247293244 
247293243 
247293242 
247293241 
247293174 
354734678 
163654960 
921270449 
163655025 
301673161 
52872225 
301673138 
301673139 
301673158 
301673142 
301673160 
301673147 
301673148 
304898163 
301673150 
301673153 
301673154 
301673156 
985084945 
301673200 
247293258 
985084880 
301677699 
301677701 
550148664 
304990734 
304990725 
304990727 
304990726 
304990728 
304990729 
304990731 
304990732 
304990749 
247958709 
247958711 
247958712 
247958713 
247958719 
304990760 
247958720 
247958721 
247958722 
304990756 
304990758 
319432017 
304990763 
304990765 
304990768 
304990769 
304990771 
304990772 
304990773 
304990774 
304990775 
304990777 
1152071919 
319432024 
342647086 
342647088 
342647084 
342660317 
342660319 
26083239 
342660327 
342660333 
342660335 
342660337 
342660339 
985096817 
274070517 
274070521 
21069415 
354726139 
354734656 
354734658 
354734660 
354734661 
354734662 
354734664 
354734665 
354734673 
354734670 
-2053181545 
21069418 
354734676 
31004287 
1377189453 
1377220129 
354734679 
354734680 
31004231 
354734659 
31004260 
31004261 
31004262 
31004263 
1644773883 
54060497 
31004264 
31004265 
31004266 
31004267 
301383345 
21069413 
1974454284 
21069414 
354734666 
1644773889 
1644773886 
304898252 
342660345 
237230489 
237230507 
237230494 
298186511 
21133755 
1152092786 
21133756 
1152092864 
21133757 
1152092823 
48930590 
1862252981 
298186514 
-1851654831 
288953461 
151854731 
151854750 
-1887763497 
1790831308 
151854739 
1790831310 
-2143395354 
-1887763505 
-1887763481 
1790779976 
288777831 
2053377764 
-1887763472 
18667983 
1160269644 
54070579 
21545937 
1668868122 
21545938 
1601125172 
550148658 
550173412 
550173748 
550173750 
550173754 
550173756 
550173759 
550173761 
550173763 
550173765 
550173767 
550173769 
550172856 
664210167 
1659456367 
1152092878 
249612086 
664210172 
664210175 
21545958 
21545959 
664210228 
1152092850 
1152092785 
664210191 
664210229 
664235211 
664210230 
664210231 
664210234 
664210237 
664210238 
664210239 
664210240 
664210241 
664210242 
262687715 
664210252 
664210253 
664210254 
664210255 
664210256 
664210257 
664210258 
664217543 
1836072747 
1152092840 
664210260 
664212050 
1659456407 
1659456374 
1659456320 
57620259 
920423379 
920423389 
920423470 
920423473 
920423480 
920423490 
920423508 
920423511 
920423521 
920423523 
920423526 
920423600 
920423604 
1701812266 
920423631 
1701810678 
1701810680 
1701810681 
920423633 
1701810683 
920423634 
1701810685 
921270450 
921270509 
921270511 
921270513 
921304545 
921304549 
921304554 
921304490 
921304949 
921305003 
921305117 
921305201 
921345536 
41338176 
921345543 
1160269615 
983404841 
247293259 
985074726 
1160269599 
985074731 
985074735 
1914623340 
985074756 
985084875 
247293213 
354721641 
354721642 
985084877 
985096804 
985096805 
985096810 
985096813 
985096821 
985096825 
21029316 
1150101894 
26653412 
1152071963 
1160269681 
1563529901 
1160269481 
1160269544 
1160269597 
1563529907 
1160269646 
1160269709 
1160269518 
1160269576 
1160269619 
1160269684 
1160269489 
1160269548 
1563529908 
1563529909 
1160269600 
1563529910 
-2143395359 
1160269666 
1160269726 
1160269531 
921304534 
921304537 
1160269723 
1160269730 
1160269658 
1160269713 
247293204 
247293205 
247293207 
247293212 
1187324666 
1187324670 
1187324682 
1187324692 
1187324676 
1187324678 
1187324665 
1303879428 
1303879425 
1303879416 
21545957 
1377189443 
1562924005 
1914623339 
1562912126 
1562919320 
41337068 
1562924056 
1563529905 
1563529906 
1563529903 
1563529902 
1563622354 
1563622357 
1563622355 
1601125142 
1601125088 
1601125096 
1601125103 
1601125099 
1601125151 
1601125104 
1601125106 
1601125135 
1601125132 
1601125086 
1601125137 
1601125144 
1601125154 
1601134795 
1601134705 
1601134769 
1601134736 
1601134692 
1603595521 
1603595547 
1603595529 
1603595557 
1603595553 
1160269594 
31004288 
21545940 
21545941 
21545942 
1644818713 
1644818714 
1644833945 
-2053181548 
1659456325 
1659456321 
249612090 
1659456314 
1659456274 
1659456290 
1659456282 
1659456363 
1659456331 
1659456411 
1836072746 
1659456391 
1303879442 
1659456323 
1836072750 
1659456263 
1659456284 
1659456339 
1659456310 
1659456357 
1659456267 
1659456329 
1659456312 
1659456381 
1659456356 
1659456358 
1659456370 
1659456361 
1659456260 
1659456355 
1659456324 
1659456293 
1659456360 
1659456337 
54060555 
1668111641 
54060551 
1725582974 
1698087083 
1701810682 
1668111630 
54060530 
1668111631 
1668111629 
54060534 
54060603 
1377220131 
1668111642 
1725582979 
1725582984 
1725582987 
1725582982 
1725582977 
1790797032 
1790797033 
1790797034 
1790797036 
288953386 
1152071926 
1601125125 
1601125107 
1601125110 
1659456404 
1873019771 
1967770416 
1967770418 
1967770421 
1967770422 
2027774282 
2027774280 
2027774276 
2027774338 
2027774317 
-1887763514 
2027774294 
2027774306 
2027774326 
2027774311 
2027774301 
2027774335 
2027774300 
-1887763495 
2027774319 
2027774281 
2027774285 
288752023 
288752018 
288752015 
288752007 
1790831305 
-1887763536 
2027774330 
-1887763469 
2027774291 
1790852800 
274073130 
-1887884712 
984231792 
54070576 
2053377766 
-1887763541 
2053377755 
2053377762 
247957006 
247957007 
2137538402 
2137538406 
2137538435 
2137538414 
-2127045364 
52635292 
52635284 
-2053181555 
1160269542 
-2053181541 
-2053181543 
-2053181537 
-2053181539 
1659456334 
-2053181559 
-2053181552 
-2053181551 
-2053181557 
-2053181550 
1659456332 
48930563 
1643862537 
31004246 
31004247 
31004248 
31004249 
31004250 
31004251 
54741752 
31004256 
1152071934 
-2032137653 
354734677 
21069416 
21069417 
354734672 
1659456326 
1659456327 
1659456394 
-1888581177 
-1888556203 
-1888556246 
-1888556233 
-1888556214 
-1888556174 
-1888556139 
-1888556138 
-1888556134 
-1888581133 
-1888556155 
-1888556157 
-1888556222 
-1888556158 
-1888556237 
-1888556146 
-1888556228 
-1888556199 
-1888556207 
-1888556184 
-1888556226 
-1888556223 
-1888556242 
-1888556191 
-1888556201 
-1888556206 
-1888556156 
-1888556218 
-1888556250 
-1888556153 
-1888556143 
-1888556124 
-1888556132 
-1888556205 
-1888556195 
-1888556165 
-1888556183 
-1888556211 
-1888556151 
-1888556251 
-1888556196 
-1888556190 
-1888556159 
-1888556131 
-1888556204 
-1888556136 
-1888556129 
-1888556163 
-1888556182 
-1888556164 
-1888556240 
-1888556193 
-1888556118 
-1888556210 
-1888556247 
-1888556241 
-1888556200 
-1888556248 
-1888556148 
-1888556122 
-1888556119 
-1888556169 
-1888556208 
-1888556179 
-1888556244 
-1886288647 
-1888556235 
-1888556227 
-1888556221 
-1888556225 
-1888556149 
-1888556236 
-1888556180 
-1888556121 
-1888556172 
-1888556113 
-1888556137 
-1887884787 
-1887884727 
-1887884679 
-1887884946 
-1887884818 
-1887884692 
-1887884675 
-1887884700 
-1887884858 
-1887884762 
-1887884795 
-1887884681 
-1887884824 
-1887884883 
-1887884758 
-1887884887 
-1887884833 
-1887884694 
-1887884698 
-1887884901 
-1887884816 
-1887884752 
-1887884657 
-1887884735 
-1887884872 
-1887884839 
-1887884842 
-1887884937 
-1887884895 
-1887884708 
-1887884667 
-1887884746 
-1887884821 
-1887884714 
-1887884738 
-1887884836 
-1887884748 
-1887884941 
-1887884864 
-1887884913 
-1887884898 
-1887884696 
-1887884769 
-1887884798 
-1887884773 
-1887884781 
-1887884923 
-1887884756 
-1887884722 
-1887884793 
-1887884777 
-1887884853 
-1887884809 
-1887884683 
-1887884730 
-1887884767 
-1887884880 
-1887884796 
-1887884814 
-1887884715 
-1887884710 
-1887884910 
-1887884850 
-1887884920 
-1887884856 
-1887884766 
-1887884724 
-1887884764 
-1887884847 
-1887884801 
-1887884779 
-1887884687 
-1887622505 
-1887884719 
-1887884785 
-1887884807 
-1887884931 
-1887865281 
-1887865270 
-1887865267 
-1887865274 
-1887865283 
-1887794901 
54060579 
54060584 
54060588 
54060591 
-1887763537 
-1887763549 
-1887763511 
-1887763501 
-1887763502 
-1887763468 
-1887763550 
-1887763548 
-1887763507 
-1887763470 
-1887763499 
-1887763528 
-1887763539 
-1887763515 
-1887763492 
-1887763476 
-1887763504 
-1887763544 
-1887763488 
-1887763506 
-1887763542 
-1887763551 
-1887763517 
-1887763496 
-1887763480 
-1887763525 
-1887763524 
-1887763535 
-1887763547 
-1887763531 
-1887763500 
-1887763518 
-1887763474 
-1887763512 
-1887763477 
-1887763479 
-1887763545 
-1887763526 
-1887763538 
-1887763513 
-1887763523 
-1887763478 
-1887763482 
-1887763534 
-1887763516 
-1887763508 
-1887763483 
-1887763509 
-1887763503 
-1887763543 
-1887763489 
-1887763530 
-1887763520 
-1887763529 
-1887763471 
-1887763475 
-1887763487 
-1887763486 
-1887763546 
-1887622539 
-1887622560 
-1887622026 
-1887622498 
-1887622022 
-1887622545 
-1887622548 
-1887622024 
-1887621626 
-1887621614 
-1887621610 
-1887621606 
-1887621612 
-1887621616 
-1887621608 
-1887621622 
-1887621618 
-1886288651 
-1886288648 
-1886288643 
-1886288653 
-1886288645 
-1886288646 
-1886288642 
-1886288652 
-1886288654 
-1886288650 
-1886288644 
-1886275251 
31004268 
31004269 
52635282 
52635281 
52732247 
26083243 
-1851654832 
-1851654830 
26653417 
26653409 
26653410 
26653411 
26653413 
27081318 
27081319 
27081320 
27081322 
27081323 
27081324 
27081326 
27081328 
247958718 
27081295 
53358637 
53358675 
1643862531 
1643862530 
49572650 
49572648 
274077715 
1790779978 
49572646 
52889903 
52871142 
7270018 
1600382093 
247957017 
274069732 
274069783 
274248809 
274073101 
274073114 
274248805 
274246827 
278865326 
278865327 
299171009 
20621476 
993673535 
993673493 
18667981 
18667982 
1160269503 
664210251 
7270002 
-2032137652 
-2032137654 
-2516 
-2518 
-2520 
-2522 
-2354 
984231657 
984231654 
-2356 
-2350 
984231652 
984231653 
-2352 
-2348 
-2346 
984274282 
984274286 
-2344 
-2342 
-2340 
-2338 
984274283 
984274284 
-2336 
-2334 
-2332 
-2330 
-2328 
-2326 
-2324 
-2322 
-2320 
-2318 
984274301 
984274290 
-2316 
-2314 
-2310 
984274294 
984274297 
-2304 
-2302 
984274114 
984274143 
-2300 
-2298 
-2296 
-2294 
-2292 
-2290 
-2288 
-2286 
-2284 
-2282 
984274074 
-2308 
-2306 
984274088 
984274078 
984274082 
-2312 
-2272 
-2270 
-2268 
-2266 
-2264 
-2262 
-2260 
-2258 
-2256 
-2254 
-2252 
1563017294 
1563017298 
-2250 
-2248 
-2246 
-2244 
1563017305 
-2242 
-2240 
1563017290 
-2238 
-2236 
-2234 
-2232 
-2230 
-2228 
-2226 
-2224 
-2222 
-2220 
-2218 
-2216 
-2214 
-2210 
-2212 
-2208 
-2206 
-2204 
-2202 
-2186 
-2200 
-2198 
-2196 
-2194 
-2192 
-2190 
-2188 
-2184 
-2182 
-2180 
-2178 
-2176 
-2174 
-2172 
-2170 
-2168 
-2166 
-2164 
-2162 
-2160 
-2158 
-2156 
-2154 
-2152 
-2150 
-2148 
-2146 
-2144 
-2142 
-2140 
-2138 
-2136 
-2134 
-2132 
-2130 
-2128 
-2126 
-2124 
-2122 
-2120 
-2118 
-2116 
-2114 
-2112 
-2110 
-2108 
-2106 
-2104 
-2102 
-2100 
-2098 
-2096 
-2094 
-2092 
-2090 
-2088 
-2086 
-2084 
-2082 
-2080 
-2078 
-2076 
-2074 
-2072 
-2070 
-2068 
-2066 
-2064 
-2062 
-2060 
-2058 
-2056 
-2054 
-2052 
-2050 
-2048 
-2046 
54060371 
54060373 
54060361 
54060366 
247293275 
247293276 
247293277 
983404840 
973618447 
247293278 
1161161978 
1161161970 
247958683 
247958685 
247958686 
247958687 
247958698 
1161161980 
1161161968 
247958699 
247958700 
301673224 
301673226 
301673201 
1934247408 
1934248133 
301673205 
247958701 
1161161973 
250218800 
1600382001 
1600382005 
1600382031 
250218801 
1600382060 
1600382062 
1600382069 
1600452707 
250218802 
250218803 
250218804 
1600452717 
1600452716 
250218807 
1600452721 
1600452722 
1600452723 
1564466406 
250218808 
250218809 
250218810 
1600382054 
1600382032 
250218812 
342660315 
1600381987 
250218819 
1564466410 
-2143392621 
-2143392574 
-2143392616 
-2143392593 
250218820 
1564466414 
-2143392594 
-2143392596 
-2143392597 
-2143392571 
250218821 
250218822 
250221573 
250221575 
250221577 
250221580 
250221593 
250221601 
1564466417 
1564466418 
250308896 
250308898 
250308899 
250308900 
250308901 
1564466413 
1564466412 
1564466411 
250308903 
250308904 
250308906 
250308907 
250308908 
250308911 
250308912 
1564466409 
1564466407 
1564466408 
250221597 
250221594 
1564466416 
288976336 
393210503 
393210508 
288976335 
288977388 
1564466424 
1564466423 
288977387 
299105116 
299105121 
299105124 
299105128 
301673197 
301673193 
301673195 
301673198 
304990743 
304990745 
304990746 
1862252982 
1160269682 
1160269486 
304990747 
304990748 
319432018 
319432019 
319432020 
319432021 
319432022 
983407537 
983407539 
983407540 
983407541 
319432023 
319432026 
319432027 
319432028 
319432029 
319432037 
772763211 
772763250 
772763229 
772763270 
772763245 
772763219 
772763227 
772763267 
319432041 
319432040 
319432039 
985071979 
985071987 
985071988 
985071991 
319432038 
319432036 
772763214 
772763239 
772763235 
772763257 
1161161971 
319432069 
319432070 
319432059 
319432060 
319432061 
319432062 
1619094111 
319432063 
1619094110 
1619094112 
1619094105 
1619094100 
319432064 
319432065 
319432066 
1160269528 
354734701 
354734703 
354734704 
1653905079 
1653905077 
1653905078 
1653905081 
1653905082 
1653905080 
1653905083 
1653905087 
1653905089 
1653905085 
354734705 
550158693 
550158698 
550158704 
550158708 
550161127 
550161130 
550161131 
1710451092 
1710451091 
1710451103 
550161132 
550161557 
550161563 
550161566 
550161567 
550161692 
550161696 
550161698 
550161702 
550172851 
550172853 
550172860 
550173957 
1968804948 
1968804941 
550162339 
550162347 
550174238 
1968804940 
250857406 
550174820 
250857407 
250857408 
550174509 
550174239 
550174821 
550174518 
550174240 
550174784 
1968804946 
550176435 
550176871 
550176872 
550176874 
550176876 
550176877 
550176878 
550176880 
550176882 
550176883 
550176884 
550176886 
550176888 
550176890 
250857404 
250857405 
1862252973 
1862252972 
550176893 
550176894 
550176897 
550176394 
550176399 
550176409 
550176417 
550176423 
550176430 
550177602 
550177620 
299089273 
550177663 
550177664 
664210232 
664210227 
664210233 
664210235 
664210236 
696851530 
696851554 
696851539 
696851583 
696851571 
696851559 
696851545 
696851540 
-2009518073 
696851532 
696851584 
-2009518071 
696851572 
696851560 
772763231 
-2143174554 
772763238 
772763260 
772763217 
772763242 
772763263 
-2143174505 
-2143174532 
772763225 
772763246 
772763271 
772763230 
-2143174509 
-2143174516 
-2143174582 
-2143174518 
-2143174543 
-2143174558 
-2143174514 
772763254 
772763212 
772763236 
772763258 
772763220 
-2143174528 
772763234 
772763252 
772763240 
772763261 
772763218 
772763244 
772763266 
772763226 
772763247 
772763210 
772763232 
772763255 
772763213 
772763237 
772763259 
772763221 
772763241 
772763262 
772763224 
772763251 
772763269 
772763228 
772763253 
772763216 
864551086 
1160269604 
1160269554 
864551087 
984113151 
984113154 
864551088 
864551089 
921265676 
921265677 
921265678 
921265679 
921265680 
921265681 
921265682 
921265683 
1862252967 
-2143174539 
921265684 
921265685 
921265686 
921265688 
921265689 
921265690 
921265691 
921265692 
921265693 
921265694 
921265695 
921265696 
921265697 
921265698 
921265720 
921265721 
921265722 
921265723 
921265724 
921265725 
-2143174557 
-2143174520 
921265726 
921265727 
921265728 
921265729 
921265730 
921270481 
921270483 
921270485 
921270487 
921270492 
921270494 
921270496 
921270498 
921270499 
921270502 
921270503 
921270505 
921304511 
921304515 
921304517 
921304519 
941389119 
941389120 
941389121 
941389122 
941389123 
941389124 
941389125 
941389126 
941389127 
941389128 
941389129 
941389130 
941389131 
941389132 
941389133 
941389134 
973618452 
973618453 
1160269725 
983404855 
983404857 
983404858 
983404860 
983404863 
983404866 
983404870 
983404872 
983404873 
983404874 
983404876 
983404880 
983404894 
983404895 
983404898 
983404901 
983404904 
983404907 
983404908 
983404910 
983407550 
983407552 
983407553 
983407554 
983411658 
983411659 
983411660 
983411663 
983411665 
983411667 
983411668 
983411669 
983411671 
983411673 
983411674 
983411679 
983411680 
984112896 
984112898 
984112899 
984112903 
984112917 
984112918 
984112919 
984112920 
984112946 
984112951 
984112955 
984112958 
984112960 
984112961 
984112962 
984112963 
984112978 
984112981 
984112984 
984112985 
984113001 
984113006 
984113010 
984113014 
984113019 
984113024 
984113186 
984113191 
984113195 
984113197 
984131764 
984131768 
984131769 
984131773 
984131780 
984131783 
984131786 
984131796 
984131809 
984131816 
984131819 
984131823 
984131825 
984131827 
984131844 
984131849 
984131853 
984131857 
984131859 
984131877 
984131882 
984131885 
984131889 
984131909 
984131910 
984131913 
984131916 
984131923 
984131925 
984131927 
984131931 
984131933 
984131936 
984131937 
984131941 
984133540 
984133542 
984133543 
984133546 
984133549 
984133551 
984231157 
984231158 
984231159 
984231162 
984231163 
984231164 
984231165 
984231166 
984231167 
984231168 
984231315 
984231171 
984231173 
984231177 
984231179 
984231185 
984231187 
984231188 
984231189 
984231190 
984231192 
984231194 
984231195 
984231196 
984231197 
984231198 
984231201 
984231209 
984231211 
984231212 
984231214 
984231215 
984231216 
984231217 
984231219 
984231226 
984231229 
984231231 
984231233 
984231238 
984231239 
984231240 
984231242 
984231250 
984231251 
984231257 
984231258 
984231259 
984231261 
984231263 
984231264 
1187324685 
984231265 
984231269 
984231270 
984231272 
984231273 
984231274 
984231275 
984231276 
984231277 
984231281 
984231283 
984231284 
984231285 
984231287 
984231288 
984231290 
984231291 
984231292 
984231293 
984231294 
984231297 
984231298 
984231300 
984231301 
984231302 
984231303 
984231305 
984231306 
984231308 
984231317 
984231319 
984231320 
984231321 
984231323 
984231325 
984231343 
984231326 
984231331 
984231332 
984231335 
984231336 
984231337 
984231340 
984231341 
984231345 
984231346 
984231348 
984231349 
984231350 
984231352 
984231355 
984231358 
984231359 
984231361 
984231364 
984231365 
984231366 
984231368 
984231370 
984231371 
984231372 
984231373 
984231436 
984231440 
984231443 
984231445 
984231448 
984231450 
984231464 
984231466 
984231467 
984231468 
984231476 
984231479 
984231482 
984231483 
984231484 
984231485 
984231488 
984231492 
984231494 
984231497 
984231509 
984231511 
984231515 
984231516 
984231536 
984231539 
984231548 
984231552 
984231559 
984231560 
984231561 
984231564 
984231566 
984231569 
984231575 
984231576 
1619094094 
1619094103 
984231578 
-2510 
984231579 
984231589 
984231591 
984231592 
984231595 
984231626 
984231627 
984231629 
984231632 
984231641 
984231644 
984231646 
984231649 
984231708 
984231710 
984231713 
984231721 
984231731 
984231733 
984231735 
984231736 
984246759 
984246762 
984246766 
984246768 
984246772 
984246773 
984246775 
984246776 
984246789 
984246790 
984246791 
984246793 
984246800 
984246802 
984246804 
984246806 
984246809 
984246810 
984246812 
984246813 
984246816 
1152071974 
984246819 
984246821 
984246827 
984246829 
984246831 
984246841 
984246843 
984246846 
984246849 
984246855 
984246856 
984246857 
984246859 
984246864 
984246867 
984246869 
984246872 
984246876 
984246878 
984246880 
984246882 
984246889 
984246890 
984246891 
984246892 
-2280 
-2278 
984274119 
984274124 
984274128 
984274129 
984274132 
984274139 
-2276 
-2274 
984274212 
984274215 
984274216 
984274218 
1150101829 
1150101908 
1150101874 
1150101888 
1152071959 
1152071964 
1152071947 
1152071940 
1152071922 
1152071971 
1152071955 
1152071918 
1152071975 
1152071949 
1157113988 
1157113987 
1157113985 
1157113983 
1157113986 
1157113984 
1157113982 
1157113981 
319432067 
319432068 
1167230307 
1167230294 
1167230290 
1167230309 
1167230292 
1167230275 
1229767607 
1229767601 
1229783550 
-2143392572 
1229783551 
-2143392591 
1229767615 
1229767612 
1229767603 
1229783568 
1229783572 
1229783574 
1229783577 
1229783579 
1229783582 
1229783584 
1229783588 
1229783592 
1229783594 
1229783597 
1229783601 
1229783603 
1229783604 
1229783606 
1229783608 
1229767606 
1229783614 
1229767627 
1229767626 
1229783627 
1229783634 
1229783636 
1229767630 
1561902431 
1561902432 
1561902407 
1561902410 
1561902405 
1561902430 
1561902411 
1561902433 
1561902408 
1561902414 
1561902413 
1561902412 
1561907554 
1561907556 
1561907566 
1561907565 
1561910769 
1561910793 
1561910773 
1561910746 
1561910771 
1561910747 
1561910790 
1561910784 
1561910761 
1561910759 
1561910757 
1561910765 
1561910780 
1561910744 
1561910794 
1561910763 
1561910767 
1561910782 
1561910787 
1561937414 
1561937420 
1561937399 
1561937418 
1561937398 
1561937396 
1561937417 
1561937403 
1561937400 
1561937397 
1561937382 
1561937401 
1561937402 
1561937416 
1561937395 
1561937392 
1561937419 
1561937390 
1561937413 
1561937394 
1561937415 
1561942291 
1561942286 
1561942289 
1561942296 
1562909819 
1562909851 
1562909840 
1562909823 
1562909848 
1562909847 
1562909829 
1562909849 
1562909861 
1562909813 
1562909811 
1562909824 
1562909839 
1562909815 
1562909834 
1562909835 
1562909841 
1562909837 
1562909825 
1562909857 
1562909858 
1562909843 
1562909864 
1562909814 
1562909833 
1562909836 
1562909859 
1562909821 
1562909844 
1562909854 
1562909812 
1562909816 
1562909846 
1562909838 
1562909850 
1562909845 
1562909828 
1562909832 
1562909820 
1562909860 
1562909852 
1562909855 
-2434 
1562909853 
1562909830 
1562909862 
1562909863 
1562909822 
1562909831 
1562910358 
1562910355 
1562910357 
1562910360 
1562910354 
1562911076 
1562911039 
1562911075 
1562911050 
1562911057 
1562911071 
1562911070 
1562911038 
1562911041 
1562911059 
1562911060 
1562911049 
1562911062 
1562911054 
1562911072 
1562911069 
1562911073 
1562911055 
1562911045 
1562911046 
1562911043 
1562911074 
1562911052 
1562911044 
1563017300 
1563017302 
1563017307 
1563017303 
1563096033 
1563096071 
1563096022 
1563096068 
1563096062 
1563096024 
301673132 
1152071937 
1564466444 
1564466440 
1564466435 
1564466430 
1564466428 
1564466426 
1564466425 
1564466427 
1564466429 
1564466431 
1564466437 
1564466442 
1564466443 
1564466439 
1564466436 
1564466433 
1564466432 
1564466434 
1564466438 
1564466441 
1564466445 
1601125085 
1601125121 
1601125134 
1601125139 
1601125138 
1601125113 
1601125149 
1601125168 
1601125133 
1601125092 
1601125146 
1601125170 
1601125126 
1601125087 
1603595570 
1603595555 
1603595541 
1603595531 
1603595526 
1603595569 
1603595573 
1603595551 
1603595538 
1603595520 
1603595559 
1603595534 
1603595556 
1603595558 
1603595536 
1603595540 
1603595528 
1603595533 
1603595530 
1603595567 
1603595523 
1603595525 
1603595545 
1603595566 
1603595549 
1603595572 
1603595568 
1603595571 
1603595527 
1615401932 
1967343261 
1615401914 
1615404333 
1970020674 
1615404341 
1615404349 
1701377990 
1701377998 
1701377993 
1701377966 
1701377962 
1701377948 
1701377960 
1701377964 
1701377970 
1701377961 
1701377963 
1701377977 
1710451093 
1710451102 
1710451095 
1710451105 
1710451096 
1797394789 
42395880 
1797394783 
1797394786 
1797394782 
1797394787 
1862252971 
-2143392609 
1862252970 
1862252968 
1862252969 
1865608431 
1865608479 
1865608539 
1865608493 
1865608435 
1865608531 
1865608433 
1865608494 
1865608460 
1865608455 
1865608477 
1865608437 
1865608469 
1865608462 
1865608454 
1865608441 
57627861 
1865608541 
1865608543 
1865608526 
1865608492 
1865608425 
343862865 
1865608430 
1865608524 
1865608473 
1865608518 
1865608520 
1865608503 
1865608534 
1865608545 
1865608533 
1865608535 
1865608516 
1865608537 
1865608512 
1865608466 
1865608443 
1865608514 
1865608499 
1865608452 
1865608471 
1865608532 
1865608423 
1865608507 
1865608509 
1865608495 
1865608475 
1865608522 
1865608485 
1865608456 
1865608458 
1865608467 
1865608481 
1865608491 
1865608483 
1865608428 
1865608501 
1865608445 
1865608497 
1865608439 
1887060994 
1887060973 
1887060953 
1887060941 
1887060937 
1887060996 
1887060938 
1887060967 
1887060942 
1887060956 
1887060940 
1887060902 
1887060939 
1887060943 
1887060945 
1887060944 
1887060970 
1887060904 
1887060947 
1887086893 
1887086867 
-1887622515 
-1887622512 
-1887622573 
-1887622526 
1887086869 
1887086894 
1887086895 
1887086888 
1887086875 
1887086879 
1906140802 
1906140800 
1906140801 
1906140803 
1967343242 
1967343244 
1967343247 
1967343249 
1967343251 
1967343253 
1967343255 
1967343256 
1967343259 
1967770426 
1967770425 
1967770423 
1967770417 
1967770419 
1967770420 
1967770424 
1967770427 
1968799670 
454232048 
1968799672 
1968799674 
1968799676 
1968799678 
1968799680 
1968799683 
1968799685 
1970535984 
1968798509 
1968799695 
1968799696 
1968805039 
1968804947 
1968805742 
1968805745 
1970536625 
-2556 
696851546 
696851533 
696851577 
696851565 
696851586 
696851573 
696851561 
696851549 
696851535 
696851578 
696851567 
696851555 
696851575 
1619094092 
1619094089 
696851563 
696851551 
696851536 
696851579 
696851568 
1619094085 
1619094084 
696851556 
1619094034 
1619094082 
696851542 
696851564 
696851552 
696851538 
696851582 
696851569 
696851558 
696851543 
-1887794900 
-2143392606 
-2143392600 
-2143392578 
-2143392579 
-2143392581 
-2143392590 
-2143392608 
-2143392612 
-2143392604 
-2143392584 
-2143392614 
-2143392618 
-2143392588 
-2143392592 
-2143392586 
-2143392585 
-2143392587 
-2143392582 
-2143392576 
-2143392589 
-2143392583 
-2143392610 
-2143392577 
-2143392575 
-2143392573 
-2143392598 
-2143392602 
-2143392607 
-2143392580 
-2143174548 
-2143174524 
-2143174494 
-2143174508 
-2143174555 
-2143174583 
-2143174589 
-2143174588 
-2143174575 
-2143174533 
-2143174579 
-2143174527 
-2143174549 
-2143174565 
-2143174561 
-2143174538 
-2143174512 
-2143174519 
-2009518074 
-2009518069 
-2009518072 
-1888581171 
-1888581134 
-1888581132 
-1888581164 
-1888581185 
-1888581193 
-1888581168 
-1888581150 
-1888581151 
-1888581129 
-1888581166 
-1888581158 
-1888581169 
-1888581189 
-1888581143 
-1888581182 
-1888581128 
-1888581131 
-1888581181 
-1888581180 
-1888581174 
-1888581161 
-1888581167 
-1888581170 
-1888581138 
-1888581172 
-1888581140 
-1888581145 
-1888581139 
274082818 
-1888581159 
-1888581154 
-1888581163 
-1888581183 
-1888581190 
-1888581146 
-1888581147 
-1888581136 
-1888581175 
-1888581148 
-1888556185 
-1888581144 
-1888581173 
-1888581135 
-1888556188 
-1888581176 
-1888581187 
-1888581160 
-1888581125 
-1888581153 
-1888581191 
-1888581155 
-1888581127 
-1888581152 
-1888581137 
-1888581149 
-1888581157 
-1888581179 
-1888581162 
-1888581126 
-1888581178 
-1888581141 
-1888581188 
-1888581192 
-1888581184 
-1888581156 
-1888556147 
-1888556162 
-1888556194 
-1888556170 
-1888556220 
-1888556160 
-1888556154 
-1888556249 
-1888556187 
-1888556123 
-1888556181 
-1888556197 
-1888556217 
-1888556115 
-1888556140 
-1888556186 
-1888556176 
-1888556243 
-1888556215 
-1888556141 
-1888556239 
-1888556219 
-1888556216 
-1888556202 
-1888556120 
-1888556130 
-1888556178 
-1888556167 
-1888556114 
-1888556145 
-1888556161 
-1888556213 
-1888556112 
-1888556177 
-1888556166 
-1888556238 
-1888556111 
-1888556116 
-1888556152 
-1888556175 
-1887884891 
-1887884685 
-1887884702 
-1887884706 
-1887859194 
-1887859212 
-1887859227 
-1887859225 
-1887859208 
-1887859211 
-1887859204 
-1887859207 
-1887859224 
-1887859216 
-1887859188 
-1887859189 
-1887859199 
-1887859205 
-1887859223 
-1887859185 
-1887859195 
-1887859198 
-1887859197 
-1887859209 
-1887859190 
-1887859217 
-1887859215 
-1887859200 
-1887859186 
-1887859187 
-1887859193 
-1887859203 
-1887859220 
-1887859180 
-1887859214 
-1887859210 
-1887859202 
-1887859221 
-1887859228 
-1887859213 
-1887859179 
-1887859219 
-1887859218 
-1887859201 
-1887859182 
-1887859196 
-1887859192 
-1887859226 
-1887859183 
-1887859222 
-1887859191 
-1887859181 
-1887794254 
-1887794252 
-1887794251 
-1887794250 
-1887794246 
-1887794255 
-1887794244 
-1887794248 
-1887794247 
-1887794245 
-1887794253 
-1887794249 
-1887622570 
-1887622550 
-1887622535 
-1887622575 
-1887622574 
-1887622565 
-1887622551 
-1887622499 
-1887622549 
-1887622533 
-1887622527 
-1887622569 
-1887622571 
-1887622516 
-1887622564 
-1887622496 
-1887622529 
-1887622522 
-1887622536 
-1887622493 
-1887622495 
-1887622534 
-1887622572 
-1887622492 
-1887622531 
-1887622566 
-1887622506 
-1887622553 
-1887622576 
-1887622543 
-1887622514 
-1887622528 
-1887622502 
-1887622530 
-1887622554 
-1887622559 
-1887622521 
-1887622552 
-1887622567 
-1887622547 
-1887622538 
-1887622509 
-1887622508 
-1887622568 
-1887622511 
-1887622555 
-1887622518 
-1887622519 
-1887622513 
-1887622510 
-1887622537 
-1887622541 
-1887622525 
-1887622561 
-1887622497 
-1887622523 
-1887622556 
-1887622520 
-1887622491 
-1887622503 
-1887622524 
-1887622557 
-1887622577 
-1887622563 
-1887622558 
-1887622540 
-1887622562 
-1887622544 
-1887622504 
-1887622532 
-1887622507 
-1887622517 
-1887622501 
-1887622546 
-1886286503 
-1886286493 
-1886286514 
-1886286506 
-1886286499 
-1886286478 
-1886286489 
-1886286501 
-1886286480 
-1886286508 
-1886286518 
-1886286491 
-1886275243 
-1886275233 
-1886275290 
-1886275231 
-1886275287 
-1886275242 
-1886275289 
-1886275237 
-1886275252 
-1886275245 
-1886275250 
-1886275253 
-1886275258 
-1886275267 
-1886275240 
-1886275239 
-1886275256 
-1886275247 
-1886275260 
-1886275235 
-1886275284 
-1886275285 
-1886275226 
-1886275294 
-1886275248 
-1886275262 
-1886275264 
-1886275274 
-1886275254 
-1886275296 
-1886275244 
-1886275255 
-1886275276 
-1886275227 
-1886275229 
-1886275292 
-1886275273 
-1867901315 
-1867901255 
-1867901245 
-1867901274 
-1867901287 
-1867901275 
-1867901227 
-1867901251 
-1867901321 
-1867901221 
-1867901234 
-1867901262 
-1867901260 
-1867901238 
-1867901329 
-1867901328 
-1867901276 
-1867901326 
-1867901302 
-1867901269 
-1867901337 
-1867901295 
-1867901282 
-1867901319 
-1867901233 
-1867901294 
-1867901242 
-1867901250 
-1867901258 
-1867901290 
-1867901229 
-1867901283 
-1867901273 
