11.006410 
11.029994 
2.297085 
5.668829 
49.025177 
1.483895 
8.754199 
9.685644 
48.254007 
7.744026 
0.948234 
2.253275 
10.113776 
10.285085 
1.066356 
0.602095 
8.914536 
10.165904 
2.914571 
27.383334 
21.966714 
3.256964 
1.419797 
11.165903 
8.228499 
9.977943 
5.162684 
9.668899 
5.897820 
15.901130 
12.846290 
6.676342 
7.261741 
9.257120 
22.717100 
7.518817 
13.963658 
9.169756 
7.490953 
5.327852 
1.114239 
0.773047 
9.749005 
3.611342 
3.098643 
15.432221 
11.269222 
13.068055 
3.648277 
3.547163 
8.367517 
2.532942 
1.714206 
1.885627 
2.314190 
1.971337 
2.571322 
1.971337 
3.514140 
4.403466 
8.348277 
6.136939 
9.482416 
6.377433 
3.117089 
13.915244 
12.579096 
27.306983 
18.983409 
15.481623 
2.754226 
9.019671 
11.407395 
14.160581 
8.505061 
5.622446 
5.187056 
13.188794 
11.229500 
12.267297 
8.690868 
23.545754 
5.848366 
11.374280 
14.693261 
10.921573 
64.363955 
75.634597 
2.533029 
9.875318 
12.021451 
5.648721 
18.595346 
23.780143 
22.797368 
4.489525 
3.887807 
0.796395 
32.155548 
7.374793 
42.607110 
42.868977 
27.687080 
12.999439 
12.331083 
11.919775 
39.182626 
11.041884 
9.168461 
7.928068 
12.883488 
11.202085 
10.923822 
21.659913 
41.347604 
34.829366 
15.800366 
26.534901 
9.414128 
8.413295 
28.469169 
56.384867 
73.045291 
29.913689 
27.611013 
18.778780 
33.101915 
17.928341 
25.395937 
8.614743 
71.537722 
7.675972 
10.462365 
18.380511 
22.080851 
15.889830 
39.903270 
12.032610 
24.773444 
38.796082 
14.418973 
16.273336 
18.739038 
19.569540 
20.195932 
11.373100 
72.483970 
44.160959 
74.308033 
91.598690 
55.355653 
47.028660 
18.520642 
17.191396 
11.211583 
16.477002 
11.188786 
31.355027 
16.421970 
3.961155 
21.819983 
8.162913 
7.278200 
16.742003 
25.931511 
24.983995 
52.669890 
57.409438 
23.141008 
52.729686 
62.315186 
10.042036 
21.091706 
7.397179 
26.329006 
9.184139 
13.770230 
6.582896 
18.250815 
41.456025 
10.135616 
79.459530 
0.346553 
50.906751 
7.697749 
7.836437 
29.482852 
9.822784 
36.354443 
12.046233 
14.612952 
47.296737 
23.313015 
5.701834 
50.079645 
5.806790 
14.976735 
18.909627 
35.709999 
0.262043 
49.333972 
50.082147 
56.612882 
55.430967 
22.604992 
33.641223 
11.520456 
5.209138 
38.830302 
45.333871 
36.208367 
48.423860 
41.713978 
13.600403 
14.629864 
32.122154 
7.215436 
87.802802 
80.713001 
7.955984 
12.454057 
13.334999 
12.730969 
20.218364 
12.748059 
8.036582 
8.329061 
16.059353 
3.951655 
8.813603 
5.317007 
7.861927 
11.911451 
11.160080 
34.586281 
20.622718 
36.306662 
13.509158 
14.359957 
3.875003 
18.020730 
27.034475 
8.019255 
6.746704 
8.399023 
6.366409 
8.939957 
10.590382 
64.020208 
27.522238 
1.743848 
1.432212 
17.022112 
14.297087 
46.544590 
7.127779 
16.110181 
21.164997 
17.602861 
11.209781 
13.554809 
14.826028 
12.518840 
9.077590 
13.760577 
21.813801 
18.748395 
32.637293 
31.822788 
33.157303 
93.550776 
42.437635 
101.368511 
21.894113 
31.026880 
9.978838 
12.928848 
18.383026 
31.572448 
5.047173 
12.140975 
12.642442 
10.063355 
7.172691 
8.320174 
6.694326 
6.884680 
8.053730 
21.874183 
10.277376 
7.033109 
8.014333 
8.355313 
4.736686 
3.601489 
4.109445 
10.177296 
4.376319 
4.619909 
7.069766 
7.886046 
8.233287 
5.634796 
3.990854 
4.294189 
4.496725 
5.798576 
9.458466 
7.975760 
8.584196 
5.723657 
2.514730 
4.376222 
5.021790 
5.871613 
7.701330 
8.107004 
15.152823 
13.083601 
43.984890 
8.107001 
46.121979 
31.768027 
16.383602 
8.920988 
7.359336 
4.708258 
16.131457 
14.309683 
4.559878 
23.404504 
11.873140 
13.383949 
10.870048 
1.365461 
6.206581 
7.069873 
6.814071 
8.300032 
8.923072 
10.600192 
12.456299 
15.405321 
19.388975 
19.271876 
18.757979 
19.925407 
17.508100 
17.830169 
16.388843 
16.571177 
16.113672 
16.217699 
30.064498 
7.919270 
7.293799 
39.643090 
32.564581 
32.725464 
30.826027 
7.693005 
31.856054 
32.015452 
29.005329 
30.314326 
30.395938 
24.757126 
25.902055 
43.593086 
27.941529 
5.661112 
31.820435 
20.914754 
22.033801 
18.060656 
10.286280 
17.922779 
9.153943 
18.133869 
20.529308 
30.551926 
39.227864 
36.110051 
12.789017 
88.998317 
35.861370 
34.380620 
63.869259 
39.776966 
23.567019 
4.187503 
3.754709 
3.098176 
4.364369 
23.833591 
7.198799 
7.610658 
6.955557 
5.083674 
7.741513 
4.290337 
12.578067 
33.689321 
12.280129 
19.089946 
18.126276 
43.811956 
8.002224 
27.486595 
9.237334 
28.478527 
26.036165 
27.316013 
4.055885 
22.882843 
23.915254 
81.759951 
18.787305 
14.389072 
15.645735 
14.154541 
9.074291 
6.541787 
14.643514 
18.947144 
6.796135 
17.014651 
12.344585 
7.573246 
7.202611 
6.887637 
18.295626 
20.255678 
14.876251 
11.442156 
8.263540 
82.068927 
3.414472 
17.799532 
10.872653 
7.381574 
19.234626 
21.571146 
25.735515 
38.258186 
31.701161 
26.709649 
24.538946 
2.245241 
3.893750 
24.035396 
1.412897 
25.151568 
1.994867 
4.482656 
22.788798 
22.008840 
21.921618 
13.061041 
21.406068 
7.830574 
8.565047 
8.685419 
17.927885 
29.780721 
20.178505 
21.426430 
11.745624 
15.820662 
21.621821 
23.065689 
23.740918 
66.224910 
26.165167 
59.625956 
47.476118 
24.623047 
14.484498 
13.993650 
12.336160 
42.436428 
12.756735 
12.597756 
21.247237 
15.250887 
12.055526 
14.821685 
32.499859 
11.381783 
7.322179 
9.535125 
17.209176 
15.223837 
1.381844 
3.155316 
30.967366 
6.393868 
2.699490 
26.071375 
16.869028 
6.923238 
6.561434 
6.559817 
3.975524 
12.742972 
8.155694 
18.165833 
6.221985 
5.155359 
3.718770 
3.574767 
5.310580 
4.917245 
9.796175 
6.435103 
65.251867 
22.970021 
21.751493 
8.012936 
6.332436 
4.001151 
4.606941 
4.641426 
5.173216 
12.840294 
9.199099 
23.552301 
5.565505 
2.606059 
1.961610 
2.696073 
13.825535 
13.271695 
2.778743 
4.040440 
64.936358 
3.620379 
2.747170 
2.533126 
6.372371 
9.332849 
32.173094 
8.552366 
17.547164 
25.119421 
23.142213 
12.467720 
17.230505 
13.988011 
5.832371 
3.962795 
6.029461 
11.023084 
8.252578 
7.543516 
6.414194 
6.042268 
3.774553 
2.348791 
3.086181 
1.394605 
2.369961 
45.158162 
2.924867 
2.088884 
2.126019 
10.620378 
23.492814 
11.379699 
17.258241 
5.814795 
37.549327 
43.192783 
6.958110 
7.040541 
12.275897 
6.319385 
5.368801 
10.489144 
37.625764 
29.781011 
24.759911 
6.999435 
10.830633 
8.003600 
10.206613 
9.696640 
8.361826 
21.451625 
10.805978 
23.816241 
1.459098 
17.675352 
9.815731 
8.358984 
9.160454 
7.862017 
16.907149 
3.415069 
14.095203 
2.056669 
15.629199 
26.408578 
13.819574 
9.689373 
21.809471 
7.567428 
11.708506 
3.718458 
19.212222 
21.325543 
24.861507 
3.499759 
28.733541 
3.150626 
24.430570 
28.827898 
3.031793 
30.916364 
2.650478 
25.413320 
26.433997 
27.614083 
32.517623 
38.361647 
56.177792 
55.936665 
4.641298 
47.167625 
4.272423 
15.159030 
16.786299 
5.195149 
108.857849 
4.415777 
5.203441 
5.370229 
11.531933 
35.901988 
3.085182 
8.156891 
8.324359 
6.903956 
7.615593 
22.141571 
4.808680 
8.237265 
6.423652 
2.611515 
4.297762 
6.282911 
9.458398 
11.398120 
12.559788 
6.879630 
7.573226 
10.405114 
6.049696 
5.699972 
7.105613 
3.857582 
5.275873 
10.090152 
10.437460 
39.202557 
6.571875 
5.885893 
7.834467 
1.780971 
7.097584 
13.959160 
7.864731 
5.477159 
7.351652 
23.719218 
30.522035 
6.544161 
30.464569 
15.526092 
10.972902 
5.045062 
7.761085 
8.921330 
4.597899 
6.242045 
8.842378 
17.234837 
1.381791 
12.996116 
9.994688 
6.247366 
8.975401 
46.992571 
33.744496 
5.308377 
33.439417 
21.942810 
0.514216 
38.673160 
7.650947 
0.743338 
18.237431 
6.673356 
29.833836 
21.434250 
2.861296 
3.203919 
2.581153 
3.783098 
8.958498 
1.872738 
18.031588 
11.506026 
21.316428 
22.270931 
31.203026 
18.740843 
11.039228 
8.238206 
35.268425 
8.393404 
19.166423 
10.384828 
23.266206 
4.539171 
21.903170 
12.391201 
16.024146 
18.970163 
8.264833 
27.584929 
19.971052 
3.493455 
23.385335 
19.806881 
9.936513 
17.313570 
3.391175 
27.384617 
18.880005 
33.256520 
36.648541 
6.474167 
14.930864 
15.292303 
11.824530 
4.808657 
9.161634 
15.624055 
6.885713 
8.887414 
17.195103 
9.397414 
21.244251 
22.979165 
23.590272 
3.493692 
22.113591 
4.371555 
10.247107 
24.843897 
21.691665 
6.386642 
8.757859 
11.228305 
24.171205 
4.458181 
15.296580 
2.749976 
32.241581 
16.550957 
10.477211 
28.445505 
4.960966 
22.928551 
56.993593 
10.334258 
14.628609 
11.748538 
33.530730 
9.003405 
10.960799 
16.582885 
14.933655 
12.476165 
1.972082 
7.218816 
64.943047 
32.226762 
32.060016 
2.695787 
4.803971 
5.470416 
15.782592 
6.367076 
22.750976 
11.557142 
2.568236 
15.249733 
8.867428 
6.632167 
9.116338 
7.226700 
9.921256 
6.939078 
4.309891 
6.687503 
5.552848 
4.555093 
22.936128 
36.137512 
7.886284 
11.528967 
31.284933 
4.114470 
3.280389 
6.896906 
43.369938 
7.856952 
10.404413 
21.143554 
10.542753 
29.485434 
14.435228 
10.009463 
10.662402 
5.641194 
20.339594 
52.926068 
6.775782 
3.458820 
6.480311 
45.323127 
39.416563 
9.360473 
9.414306 
19.929881 
4.800806 
13.605630 
17.824886 
30.466251 
45.856781 
1.113520 
5.999844 
5.769643 
3.887660 
3.393940 
4.946028 
3.128711 
3.308698 
7.990700 
1.578637 
2.469030 
3.296183 
4.802330 
5.586049 
1.720976 
17.007753 
4.164530 
2.857344 
3.203904 
2.265005 
2.405952 
2.159762 
2.180724 
1.363995 
1.704538 
1.264875 
0.922634 
1.294615 
1.563433 
1.142632 
0.909328 
0.870464 
0.829032 
1.169564 
1.276439 
1.048975 
0.916999 
0.875553 
1.155611 
0.835119 
0.631102 
0.611332 
0.871823 
0.413889 
1.099270 
1.641059 
1.631666 
0.778019 
1.582972 
1.347933 
1.072439 
1.595065 
0.870465 
1.118844 
1.717225 
3.031411 
4.378054 
4.098841 
5.449778 
5.059496 
3.764235 
2.426401 
2.966913 
2.850600 
3.659546 
3.247053 
4.665593 
10.916335 
10.536295 
14.540987 
5.982700 
5.972906 
7.407206 
2.862289 
7.328304 
8.999855 
9.715142 
9.263629 
19.290352 
15.172123 
3.901088 
8.807348 
2.230769 
13.542372 
5.112788 
18.942131 
7.798881 
16.255407 
9.363691 
9.599271 
9.342542 
13.458410 
14.321994 
10.781239 
25.718147 
6.687081 
30.089105 
19.740166 
25.713476 
8.098328 
26.555382 
81.237480 
39.225626 
38.129450 
34.225202 
11.367761 
12.518180 
21.428074 
16.647319 
4.066559 
8.239962 
8.245426 
2.260121 
9.624601 
30.061686 
17.015199 
6.884933 
29.660836 
5.645748 
20.704746 
13.013859 
9.980591 
31.406426 
10.942900 
10.712233 
43.949885 
26.104274 
39.745258 
19.288444 
71.240421 
13.293419 
33.200276 
49.707034 
13.550572 
5.152478 
22.711777 
22.845083 
19.366810 
10.039038 
6.798932 
6.061030 
6.766541 
4.926303 
10.502441 
9.336368 
9.785840 
8.864213 
8.851586 
11.978688 
8.299938 
4.698033 
3.896829 
3.815646 
3.134923 
3.930972 
6.182915 
15.250370 
22.963072 
27.468678 
15.691444 
21.304670 
52.246979 
13.784492 
0.653845 
14.010156 
9.948138 
33.284389 
7.834842 
13.312737 
22.311989 
32.427312 
3.987298 
41.383467 
58.844001 
21.865172 
80.452675 
15.392171 
24.294344 
8.886509 
8.631753 
4.714171 
5.483145 
11.944932 
17.174474 
5.975858 
10.222508 
2.967237 
3.089709 
6.216511 
3.276169 
3.683306 
17.708669 
6.450489 
7.363747 
2.986480 
10.567670 
6.713815 
8.318464 
15.030509 
1.946900 
5.233688 
20.128778 
6.537655 
6.184061 
4.928222 
14.312013 
11.101825 
9.361680 
49.075166 
12.867860 
3.859920 
21.838575 
7.691908 
6.622283 
3.524815 
11.230313 
51.717264 
6.070649 
9.733456 
1.758860 
1.577767 
8.019530 
6.042279 
8.545076 
9.946720 
3.354966 
8.909693 
7.218525 
2.884132 
3.470375 
1.540059 
2.303319 
1.540059 
3.675513 
4.782723 
3.812060 
3.263677 
4.352760 
13.085589 
6.332771 
4.033550 
5.925288 
2.498728 
4.379034 
6.172031 
7.209339 
7.308145 
6.685540 
4.881412 
22.126711 
7.961943 
7.879743 
6.839964 
23.051930 
37.961531 
40.286839 
17.890612 
14.208693 
17.524119 
26.531703 
15.829678 
17.336239 
13.400287 
23.291848 
13.852841 
17.865703 
12.989288 
16.233426 
11.210915 
3.009686 
12.495829 
8.169048 
6.577607 
0.265297 
10.843924 
8.379714 
4.254863 
9.845731 
11.430929 
8.622353 
6.898893 
10.950270 
5.008745 
21.165870 
21.727750 
10.441322 
10.716649 
5.166587 
32.883601 
1.578049 
7.072508 
5.159224 
15.781126 
14.615453 
14.491831 
7.411064 
0.602184 
1.697919 
5.720264 
4.956354 
4.130624 
16.690448 
24.256255 
21.948715 
9.803865 
5.454362 
17.790935 
11.098299 
18.837362 
4.358417 
18.219110 
4.385052 
153.248642 
5.362401 
9.191137 
13.545163 
24.628599 
13.846260 
10.884525 
7.564148 
6.214601 
10.724076 
10.165888 
17.449134 
30.321051 
23.877386 
39.723138 
10.771414 
14.974138 
10.556638 
2.152044 
5.011144 
14.834558 
10.426178 
25.991407 
13.713602 
10.351947 
4.259392 
7.250559 
16.638928 
4.662199 
11.360288 
6.809870 
10.698346 
4.243643 
11.780371 
7.363597 
5.889557 
4.972600 
7.919615 
10.115094 
30.253899 
14.660027 
7.221815 
7.794562 
5.821402 
14.630866 
26.316708 
13.824549 
21.076203 
11.770045 
4.083201 
24.671840 
2.015792 
14.564261 
9.191185 
8.135708 
12.604539 
11.029662 
2.745931 
3.924573 
11.683601 
15.872004 
24.248190 
14.688214 
13.305184 
10.222305 
4.587345 
6.772871 
9.150640 
6.671766 
8.091568 
7.552033 
6.049735 
1.834046 
2.273876 
6.486719 
8.804272 
5.821365 
3.206350 
2.435540 
6.932398 
13.823743 
10.408679 
2.812700 
6.642771 
37.574258 
10.791702 
2.453585 
2.328269 
2.878477 
2.008868 
3.591334 
22.381772 
26.193578 
8.608877 
11.155459 
8.961356 
4.415161 
5.201089 
39.706485 
31.044276 
44.655656 
31.638273 
2.546846 
35.181724 
3.040015 
12.492823 
17.694410 
15.100892 
17.981380 
2.886281 
29.890621 
3.225165 
21.592361 
6.803390 
47.431178 
10.197371 
19.037007 
10.913053 
17.568243 
11.410324 
10.501434 
4.122100 
5.959105 
6.912162 
57.816726 
5.801170 
7.976010 
6.122540 
29.168473 
12.565398 
11.288555 
13.045012 
7.954832 
3.377762 
8.463485 
12.052575 
6.987375 
4.072272 
31.327812 
9.467809 
4.143444 
7.841620 
5.620900 
11.335523 
17.334856 
33.890153 
12.839607 
10.292579 
23.225421 
19.913813 
12.749754 
8.150329 
7.902554 
9.436281 
7.550462 
6.701369 
10.430246 
9.008441 
13.629114 
12.514369 
13.116971 
11.717160 
14.954201 
9.414696 
10.747927 
6.588243 
3.119558 
3.441977 
37.806526 
4.317751 
21.054514 
2.626128 
2.788890 
4.011023 
3.883831 
4.208868 
3.565815 
3.199697 
3.659275 
4.774959 
3.395504 
3.361200 
12.198354 
11.039278 
11.341690 
15.908563 
4.751023 
3.309670 
23.588160 
25.803951 
9.322368 
46.645261 
14.167298 
24.432292 
65.240649 
24.948876 
15.990883 
13.666858 
22.175504 
5.694987 
9.217021 
8.734060 
7.335071 
11.165056 
3.865269 
8.784093 
7.692185 
5.891761 
8.255769 
15.363242 
33.408245 
72.378804 
38.023217 
3.493455 
2.075196 
10.124361 
6.771131 
8.426316 
14.371713 
24.745855 
26.317886 
12.951222 
41.406461 
14.431902 
29.002364 
7.555956 
9.870209 
26.017148 
28.626669 
33.051745 
28.719740 
13.921375 
64.076407 
13.229439 
14.304405 
7.502418 
6.131497 
7.291459 
48.511737 
31.491698 
11.287044 
3.258505 
14.475761 
24.650626 
38.484235 
1.114213 
21.801786 
20.486314 
28.757353 
40.499129 
7.419016 
4.983268 
21.432509 
5.044857 
7.779205 
13.511109 
6.657013 
6.993006 
16.966951 
5.774041 
8.908573 
10.781239 
3.138102 
21.465379 
18.810110 
13.213136 
14.736758 
32.735300 
43.456212 
51.194379 
39.938320 
8.490066 
10.890052 
11.465185 
3.589108 
29.990443 
9.150857 
4.302354 
6.480899 
4.119784 
27.062130 
9.117533 
14.339163 
27.948051 
10.106242 
10.393331 
11.426878 
19.290516 
10.221132 
12.832843 
6.106283 
22.674526 
11.096845 
30.409115 
34.124364 
15.081223 
16.041960 
93.206281 
47.261071 
12.524709 
4.609113 
14.050033 
9.631438 
7.841263 
14.278447 
22.288997 
31.765030 
22.537023 
19.728495 
26.602191 
6.023407 
7.470357 
10.953268 
10.327837 
14.843439 
16.840182 
14.947316 
6.505677 
17.594030 
22.397756 
2.936278 
4.291876 
2.270967 
12.150308 
12.358674 
8.141159 
7.789026 
11.036209 
17.506459 
13.366089 
4.676456 
23.398272 
20.591301 
19.468885 
4.920211 
15.686259 
23.493950 
33.684558 
26.629381 
50.722986 
33.324264 
45.861694 
39.189198 
33.297256 
8.715565 
15.498487 
15.208098 
12.403862 
8.308467 
45.297323 
8.634322 
28.848410 
11.640729 
23.302819 
39.616079 
42.688204 
49.631394 
5.939630 
10.861139 
11.878604 
34.127251 
9.278315 
78.261820 
6.939220 
2.433622 
21.499440 
16.806612 
12.386239 
6.538722 
17.168084 
10.844951 
1.686100 
14.622878 
14.864301 
20.629309 
9.856287 
13.396400 
18.982563 
17.713144 
10.967170 
46.634095 
24.540305 
48.989019 
13.660101 
18.426885 
35.278340 
30.171885 
25.876434 
2.930500 
2.670849 
4.577546 
4.669231 
4.973236 
4.630912 
5.446856 
6.260554 
7.799187 
36.083450 
8.390568 
3.831095 
10.917983 
6.373707 
6.176677 
18.724015 
33.738135 
9.244761 
17.714402 
20.264663 
15.672957 
9.122067 
9.442918 
13.300836 
3.098175 
7.559080 
2.900860 
5.709434 
36.194375 
6.632721 
6.932986 
13.281414 
10.967076 
28.057247 
25.800920 
27.083341 
13.668087 
12.819746 
9.082179 
9.346559 
13.583831 
13.949905 
12.958736 
14.876399 
16.450621 
5.098761 
9.001128 
15.310452 
14.110016 
35.926544 
4.384663 
8.776724 
26.928390 
23.186890 
10.730293 
42.274561 
27.324164 
17.186476 
19.274185 
19.916040 
5.523559 
11.091063 
8.063119 
8.142269 
29.344208 
34.170891 
9.822837 
10.267243 
4.281580 
3.793855 
3.848135 
3.536035 
8.948459 
4.177167 
5.877092 
59.559919 
103.075653 
7.474920 
16.309726 
22.313882 
15.843852 
16.186571 
20.657138 
23.230337 
46.465798 
24.652101 
50.870386 
28.414000 
8.554717 
33.880087 
34.924466 
35.510850 
38.854582 
97.419744 
17.820131 
18.932945 
24.804831 
2.279267 
28.649886 
6.631060 
12.664083 
8.129277 
15.235220 
36.948720 
5.315219 
26.625460 
10.719777 
17.836726 
21.875572 
23.794396 
7.369925 
13.568682 
3.335028 
4.106813 
7.639917 
3.119108 
12.322292 
6.441239 
9.027403 
17.486503 
10.114038 
5.487565 
4.259347 
3.217942 
10.514797 
23.531882 
31.424832 
21.155190 
7.932902 
4.179604 
13.106733 
2.816181 
2.859897 
41.665907 
23.853894 
5.692110 
16.441830 
142.151949 
18.120211 
10.039097 
14.929401 
13.213221 
15.514829 
11.616372 
6.986390 
5.540877 
4.060061 
3.514129 
3.340560 
2.573308 
6.336101 
2.314740 
6.377433 
1.714213 
6.276204 
2.743209 
6.392931 
23.656470 
10.091619 
9.517207 
22.761752 
10.394721 
14.093636 
13.645272 
10.595440 
17.365260 
15.236621 
19.132183 
28.905171 
26.940578 
13.253353 
40.677852 
21.150265 
6.373302 
27.680276 
4.542656 
4.717177 
24.093135 
8.719963 
6.294624 
10.795201 
10.896927 
9.319549 
7.324287 
13.963132 
14.079569 
1.481977 
19.306653 
20.132888 
12.049047 
10.482227 
9.503655 
8.022412 
13.331731 
38.214849 
23.137186 
4.255753 
7.549356 
12.902829 
2.659632 
9.512111 
13.311456 
12.017612 
66.237352 
86.041662 
16.897232 
51.729009 
4.335348 
32.396772 
7.670707 
3.179961 
25.290343 
5.732042 
7.208332 
19.326132 
28.122039 
24.517178 
8.760674 
7.490746 
16.289568 
13.139135 
9.329980 
17.362989 
13.351279 
6.541551 
7.131953 
13.412706 
18.210924 
4.908085 
11.957502 
16.754291 
4.127270 
14.504651 
25.023768 
21.078398 
15.013234 
7.503203 
7.283753 
2.445087 
8.473897 
8.019489 
10.786514 
95.225736 
17.394339 
29.878865 
6.536921 
13.805527 
45.607287 
6.260819 
22.096322 
12.870088 
9.923285 
13.799556 
12.526237 
13.072163 
30.718548 
30.078011 
19.002478 
5.320373 
4.907062 
6.911584 
7.528487 
10.933171 
12.673726 
31.094726 
19.954850 
5.004471 
3.392145 
6.490805 
19.965992 
12.827762 
19.010214 
23.371850 
27.137067 
30.306794 
28.523723 
35.445484 
1.169533 
14.192813 
24.188205 
28.858652 
27.841546 
10.024193 
4.851702 
10.410401 
7.194014 
6.518953 
9.261752 
14.100520 
12.526835 
11.750827 
35.204897 
15.711429 
25.607609 
11.316242 
5.612035 
8.687735 
9.973566 
12.495045 
12.983923 
11.225661 
15.343238 
12.954814 
5.907775 
6.291254 
5.429731 
23.426642 
15.408128 
6.505599 
38.330318 
21.236481 
17.141422 
5.998669 
5.046637 
3.291062 
14.246793 
9.951461 
2.178113 
1.699780 
9.534219 
8.450803 
7.295554 
4.404321 
2.334572 
3.030223 
3.543574 
2.946766 
3.877843 
7.658442 
2.388892 
3.356792 
4.040209 
2.809125 
2.860052 
1.578733 
1.095015 
4.625881 
2.552731 
5.505578 
12.547003 
9.468084 
7.950391 
7.932771 
13.818023 
7.251171 
10.945151 
6.380757 
7.568099 
1.981255 
20.213495 
34.269114 
6.787309 
18.676002 
42.858570 
8.299535 
27.750309 
12.985348 
7.912826 
21.304773 
17.474031 
13.105570 
26.076965 
22.938454 
18.927239 
37.405002 
11.461277 
19.837302 
12.367947 
10.540516 
12.050170 
12.956945 
9.715690 
12.974309 
8.249465 
7.394882 
30.778674 
16.064420 
7.068953 
6.837577 
9.383383 
8.022453 
5.752375 
4.150271 
40.620762 
8.493281 
7.120658 
25.526999 
3.261611 
23.740758 
5.598220 
16.877411 
11.168239 
24.522373 
10.173844 
8.387087 
4.809146 
7.210401 
34.725427 
3.373657 
42.396843 
9.857377 
8.766251 
110.146297 
34.970604 
31.803695 
17.401076 
16.030670 
33.946407 
49.232524 
15.376692 
9.338026 
29.136609 
23.155964 
20.708342 
71.157413 
52.805968 
8.962607 
8.729908 
6.643742 
7.724038 
3.674109 
2.216157 
5.931820 
3.392314 
4.154018 
3.312580 
1.818677 
5.238623 
1.877367 
3.577603 
4.635247 
7.922091 
7.971323 
3.762525 
9.198738 
8.391164 
5.306517 
6.675139 
10.286217 
4.458034 
12.639899 
8.345509 
21.133141 
20.735793 
18.119797 
12.711760 
9.985796 
7.652923 
13.586478 
9.602813 
9.377700 
3.086072 
11.528971 
41.171453 
30.174417 
29.146385 
17.941386 
4.187031 
8.201607 
35.933011 
3.227165 
12.186764 
5.233928 
1.459111 
22.594500 
3.098775 
33.924432 
20.287615 
8.879059 
4.582022 
7.459546 
16.563213 
25.933012 
21.907676 
14.934902 
9.768984 
10.887154 
15.053901 
5.479651 
10.857306 
2.311008 
6.520759 
4.253644 
2.135877 
1.751173 
2.072883 
3.052833 
1.742577 
2.912790 
4.200203 
1.910152 
3.465030 
2.780635 
1.404754 
3.949050 
7.283912 
3.578386 
2.506298 
2.463906 
3.407245 
3.135506 
1.371533 
5.316865 
1.470323 
2.277655 
3.743269 
8.163396 
6.282176 
2.267050 
3.773923 
4.015602 
3.508034 
1.631848 
1.543776 
1.348070 
1.972242 
0.778106 
1.623860 
2.096756 
5.573892 
5.238893 
3.873693 
1.606079 
5.280538 
5.628405 
7.501963 
2.111630 
5.655355 
4.832945 
2.105730 
1.805579 
1.369279 
2.330234 
2.293873 
2.105730 
1.185660 
2.420516 
2.999421 
2.274823 
2.145088 
2.059601 
2.088890 
1.973967 
1.571391 
1.918060 
2.977188 
4.156883 
2.664456 
2.573177 
2.940646 
2.745257 
2.241764 
1.804387 
6.246376 
3.861957 
5.130197 
2.127539 
5.348295 
14.390441 
5.423544 
3.617696 
19.612421 
20.612827 
2.012721 
4.541812 
7.143166 
4.287568 
4.271808 
4.448636 
3.869750 
3.516362 
5.787248 
5.015893 
2.392108 
5.460729 
11.746363 
10.157784 
3.145138 
3.897127 
4.692924 
1.628692 
6.771939 
21.173105 
15.490272 
9.658184 
22.853535 
3.220200 
4.686413 
4.179394 
3.391318 
6.235562 
6.020458 
4.253583 
3.726422 
5.012507 
5.304252 
6.758600 
4.275135 
5.025227 
2.443070 
18.263718 
2.315621 
2.690034 
11.432445 
19.787516 
5.398414 
4.411384 
3.679692 
2.490383 
1.856890 
4.047286 
2.279379 
4.635965 
4.957274 
11.919327 
4.271376 
5.460364 
11.963172 
9.370626 
2.912941 
4.348222 
4.321431 
5.883809 
11.495479 
31.845989 
8.527847 
1.052862 
7.543640 
5.510501 
1.507647 
5.860930 
4.661808 
5.730362 
4.243923 
8.743608 
4.103083 
6.998096 
8.712583 
1.891414 
13.983890 
13.481765 
9.808947 
9.288892 
11.667036 
17.704999 
16.433144 
26.510849 
3.325211 
9.702343 
12.107853 
7.988193 
9.908282 
13.182110 
41.421562 
12.680595 
8.011954 
4.476175 
16.941605 
4.173102 
3.561006 
3.350090 
2.631106 
2.056683 
2.097996 
31.603323 
5.399952 
23.339496 
10.197566 
46.025586 
4.690717 
35.848765 
9.060879 
5.169642 
5.276419 
2.172077 
1.732968 
5.163307 
13.659089 
2.918194 
8.806938 
36.331152 
17.294196 
35.746766 
5.802449 
6.971929 
5.056713 
23.736277 
5.244548 
4.856044 
4.164195 
31.225546 
7.194682 
5.403155 
6.276765 
4.631286 
3.405950 
2.371906 
2.748861 
4.453810 
5.057227 
7.049316 
3.880269 
7.454434 
10.669613 
5.733273 
19.918664 
39.737867 
13.811715 
4.276106 
11.157463 
5.229486 
5.828717 
4.384749 
3.340617 
2.854129 
5.250815 
6.632252 
7.680899 
7.725286 
1.884222 
2.841362 
11.911657 
1.563544 
7.167817 
2.404344 
9.028485 
3.190348 
8.644191 
9.513570 
15.995657 
3.438199 
2.731793 
2.525610 
1.899833 
2.023509 
3.031854 
13.967753 
2.748853 
3.359021 
4.595444 
5.059866 
6.862397 
4.133652 
5.461752 
7.208993 
10.232968 
2.433923 
6.786313 
3.769093 
2.979866 
3.666347 
2.378653 
2.731432 
2.050198 
4.256159 
2.355477 
2.222862 
1.631844 
2.772798 
1.703187 
2.694869 
19.059970 
20.252878 
10.904699 
14.488168 
12.778323 
9.916507 
8.505019 
11.021627 
18.187776 
6.238882 
16.833102 
5.989129 
7.526968 
8.856952 
11.283404 
56.329229 
6.371173 
14.725883 
4.332499 
2.714825 
4.039915 
4.523927 
3.931274 
4.605958 
3.379249 
4.420683 
67.001150 
4.947966 
42.762346 
48.041430 
69.444322 
15.652028 
15.829114 
23.578799 
16.244632 
61.979003 
13.220660 
19.588420 
29.855466 
37.626051 
32.710119 
