-2143392622 
-2143392623 
-2143392624 
-2143392625 
-2143392626 
-2143392627 
-2143392628 
-2143392629 
-2143392630 
-2143392631 
-2143392632 
-2143392633 
-2143392634 
-2143392635 
-2143392636 
-2143392637 
-2143392638 
-2143392639 
-2143392640 
-2143392641 
-2143392642 
-2143392643 
-2143392644 
-2143392645 
-2143392646 
-2143392647 
-2143392648 
-2143392649 
-2143392650 
-2143392651 
-2143392652 
-2143392653 
-2143392654 
-2143392655 
-2143392656 
-2143392657 
-2143392658 
-2143392659 
-2143392660 
-2143392661 
-2143392662 
-2143392663 
-2143392664 
-2143392665 
-2143392666 
-2143392667 
-2143392668 
-2143392669 
-2143392670 
-2143392671 
-2143392672 
-2143392673 
-2143392674 
-2143392675 
-2143392676 
-2143392677 
-2143392678 
-2143392679 
-2143392680 
-2143392681 
-2143392682 
-2143392683 
-2143392684 
-2143392685 
-2143392686 
-2143392687 
-2143392688 
-2143392689 
-2143392690 
-2143392691 
-2143392696 
-2143392697 
-2143392698 
-2143392699 
-2143392700 
-2143392701 
-2143392702 
-2143392703 
-2143392704 
-2143392705 
-2143392706 
-2143392707 
-2143392708 
-2143392709 
-2143392710 
-2143392711 
-2143392712 
-2143392713 
-2143392714 
-2143392715 
-2143392716 
-2143392717 
-2143392718 
-2143392719 
-2143392720 
-2143392721 
-2143392722 
-2143392726 
-2143392727 
-2143392728 
-2143392729 
-2143392730 
-2143392731 
-2143392732 
-2143392733 
-2143392734 
-2143392735 
-2143392737 
-2143392738 
-2143392739 
-2143392744 
-2143392745 
-2143392746 
-2143392747 
-2143392748 
-2143392749 
-2143392750 
-2143392751 
-2143392752 
-2143392753 
-2143392754 
-2143392755 
-2143392756 
-2143392757 
-2143392758 
-2143392759 
-2143392760 
-2143392761 
-2143392762 
-2143392763 
-2143392764 
-2143392765 
-2143392766 
-2143392767 
-2143392768 
-2143392769 
-2143392770 
-2143392771 
-2143392772 
-2143392773 
-2143392774 
-2143392775 
-2143392776 
-2143392777 
-2143392778 
-2143392779 
-2143392780 
-2143392781 
-2143392782 
-2143392783 
-2143392784 
-2143392785 
-2143392799 
-2143392800 
-2143392801 
-2143392802 
-2143392803 
-2143392804 
-2143392805 
-2143392806 
-2143392813 
-2143392814 
-2143392815 
-2143392816 
-2143392817 
-2143392818 
-2143392819 
-2143392820 
-2143392821 
-2143392822 
-2143392837 
-2143392838 
-2143392839 
-2143392840 
-2143392841 
-2143392842 
-2143392843 
-2143392844 
-2143392845 
-2143392846 
-2143392847 
-2143392848 
-2143392849 
-2143392850 
-2143392851 
-2143392852 
-2143392853 
-2143392854 
-2143392855 
-2143392856 
-2143392857 
-2143392858 
-2143392859 
-2143392860 
-2143392861 
-2143392862 
-2143392863 
-2143392864 
-2143392865 
-2143392872 
-2143392873 
-2143392874 
-2143392875 
-2143392876 
-2143392877 
-2143392878 
-2143392879 
-2143392893 
-2143392894 
-2143392895 
-2143392896 
-2143392897 
-2143392898 
-2143392899 
-2143392900 
-2143392901 
-2143392902 
-2143392903 
-2143392904 
-2143392905 
-2143392906 
-2143392907 
-2143392908 
-2143392909 
-2143392910 
-2143392911 
-2143392912 
-2143392913 
-2143392914 
-2143392915 
-2143392916 
-2143392917 
-2143392918 
-2143392919 
-2143392920 
-2143392921 
-2143392922 
-2143392923 
-2143392924 
-2143392925 
-2143392926 
-2143392927 
-2143392928 
-2143392929 
-2143392931 
-2143392932 
-2143392933 
-2143392934 
-2143392935 
-2143392936 
-2143392937 
-2143392938 
-2143392939 
-2143392940 
-2143392941 
-2143392942 
-2143392943 
-2143392944 
-2143392945 
-2143392946 
-2143392947 
-2143392948 
-2143392949 
-2143392950 
-2143392951 
-2143392953 
-2143392954 
-2143392955 
-2143392956 
-2143392957 
-2143392958 
-2143392959 
-2143392960 
-2143392961 
-2143392962 
-2143392963 
-2143392964 
-2143392965 
-2143392966 
-2143392967 
-2143392968 
-2143392969 
-2143392970 
-2143392971 
-2143392972 
-2143392973 
-2143392974 
-2143392975 
-2143392976 
-2143392977 
-2143392978 
-2143392979 
-2143392980 
-2143392981 
-2143392982 
-2143392983 
-2143392984 
-2143392985 
-2143392986 
-2143392987 
-2143392988 
-2143392989 
-2143392990 
-2143392991 
-2143392992 
-2143392993 
-2143392994 
-2143392995 
-2143392996 
-2143392997 
-2143392998 
-2143392999 
-2143393000 
-2143393001 
-2143393002 
-2143393003 
-2143393004 
-2143393005 
-2143393006 
-2143393007 
-2143393008 
-2143393009 
-2143393010 
-2143393011 
-2143393012 
-2143393013 
-2143393014 
-2143393015 
-2143393016 
-2143393017 
-2143393018 
-2143393019 
-2143393020 
-2143393021 
-2143393022 
-2143393023 
-2143393024 
-2143393025 
-2143393026 
-2143393027 
-2143393028 
-2143393029 
-2143393030 
-2143393031 
-2143393032 
-2143393033 
-2143393034 
-2143393035 
-2143393036 
-2143393037 
-2143393038 
-2143393039 
-2143393040 
-2143393041 
-2143393042 
-2143393043 
-2143393044 
-2143393045 
-2143393046 
-2143393047 
-2143393048 
-2143393049 
-2143393050 
-2143393051 
-2143393052 
-2143393053 
-2143393080 
-2143393081 
-2143393082 
-2143393083 
-2143393086 
-2143393087 
-2143393088 
-2143393089 
-2143393090 
-2143393091 
-2143393092 
-2143393093 
-2143393094 
-2143393095 
-2143393096 
-2143393097 
-2143393098 
-2143393099 
-2143393100 
-2143393102 
-2143393103 
-2143393104 
-2143393105 
-2143393106 
-2143393107 
-2143393108 
-2143393109 
-2143393110 
-2143393111 
-2143393112 
-2143393113 
-2143393114 
-2143393115 
-2143393116 
-2143393117 
-2143393118 
-2143393119 
-2143393120 
-2143393121 
-2143393122 
-2143393123 
-2143393124 
-2143393125 
-2143393126 
-2143393127 
-2143393128 
-2143393129 
-2143393130 
-2143393131 
-2143393132 
-2143393133 
-2143393134 
-2143393135 
-2143393136 
-2143393137 
-2143393138 
-2143393139 
-2143393140 
-2143393141 
-2143393142 
-2143393143 
-2143393144 
-2143393145 
-2143393146 
-2143393147 
-2143393148 
-2143393149 
-2143393150 
-2143393151 
-2143393152 
-2143393156 
-2143393157 
-2143393158 
-2143393159 
-2143393160 
-2143393161 
-2143393162 
-2143393163 
-2143393164 
-2143393165 
-2143393166 
-2143393167 
-2143393168 
-2143393169 
-2143393170 
-2143393171 
-2143393172 
-2143393176 
-2143393177 
-2143393178 
-2143393179 
-2143393180 
-2143393181 
-2143393182 
-2143393183 
-2143393184 
-2143393185 
-2143393186 
-2143393187 
-2143393188 
-2143393189 
-2143393190 
-2143393191 
-2143393192 
-2143393193 
-2143393194 
-2143393195 
-2143393202 
-2143393203 
-2143393204 
-2143393205 
-2143393206 
-2143393207 
-2143393208 
-2143393209 
-2143393210 
-2143393211 
-2143393212 
-2143393213 
-2143393214 
-2143393215 
-2143393216 
-2143393217 
-2143393218 
-2143393219 
-2143393220 
-2143393221 
-2143393222 
-2143393223 
-2143393224 
-2143393225 
-2143393226 
-2143393227 
-2143393228 
-2143393229 
-2143393230 
-2143393231 
-2143393232 
-2143393233 
-2143393234 
-2143393235 
-2143393236 
-2143393237 
-2143393238 
-2143393239 
-2143393240 
-2143393241 
-2143393242 
-2143393243 
-2143393244 
-2143393245 
-2143393246 
-2143393247 
-2143393248 
-2143393249 
-2143393250 
-2143393251 
-2143393252 
-2143393253 
-2143393254 
-2143393255 
-2143393256 
-2143393257 
-2143393258 
-2143393259 
-2143393260 
-2143393261 
-2143393262 
-2143393263 
-2143393264 
-2143393265 
-2143393266 
-2143393267 
-2143393268 
-2143393269 
-2143393270 
-2143393271 
-2143393272 
-2143393273 
-2143393274 
-2143393275 
-2143393276 
-2143393277 
-2143393278 
-2143393279 
-2143393280 
-2143393281 
-2143393282 
-2143393283 
-2143393284 
-2143393285 
-2143393286 
-2143393287 
-2143393288 
-2143393289 
-2143393290 
-2143393291 
-2143393292 
-2143393293 
-2143393294 
-2143393295 
-2143393296 
-2143393297 
-2143393298 
-2143393299 
-2143393300 
-2143393301 
-2143393302 
-2143393303 
-2143393304 
-2143393305 
-2143393306 
-2143393307 
-2143393308 
-2143393309 
-2143393310 
-2143393311 
-2143393312 
-2143393313 
-2143393314 
-2143393315 
-2143393316 
-2143393317 
-2143393318 
-2143393319 
-2143393320 
-2143393321 
-2143393322 
-2143393323 
-2143393324 
-2143393325 
-2143393326 
-2143393327 
-2143393328 
-2143393329 
-2143393330 
-2143393331 
-2143393332 
-2143393333 
-2143393334 
-2143393335 
-2143393336 
-2143393337 
-2143393338 
-2143393339 
-2143393340 
-2143393341 
-2143393342 
-2143393343 
-2143393344 
-2143393345 
-2143393346 
-2143393347 
-2143393348 
-2143393349 
-2143393350 
-2143393351 
-2143393352 
-2143393353 
-2143393354 
-2143393355 
-2143393356 
-2143393357 
-2143393358 
-2143393359 
-2143393360 
-2143393361 
-2143393362 
-2143393363 
-2143393364 
-2143393365 
-2143393366 
-2143393367 
-2143393368 
-2143393369 
-2143393370 
-2143393371 
-2143393372 
-2143393373 
-2143393374 
-2143393375 
-2143393376 
-2143393377 
-2143393378 
-2143393379 
-2143393380 
-2143393381 
-2143393382 
-2143393383 
-2143393384 
-2143393385 
-2143393386 
-2143393387 
-2143393388 
-2143393389 
-2143393390 
-2143393391 
-2143393392 
-2143393393 
-2143393394 
-2143393395 
-2143393396 
-2143393397 
-2143393398 
-2143393399 
-2143393400 
-2143393401 
-2143393402 
-2143393403 
-2143393404 
-2143393405 
-2143393406 
-2143393407 
-2143393408 
-2143393409 
-2143393410 
-2143393411 
-2143393412 
-2143393413 
-2143393414 
-2143393415 
-2143393416 
-2143393417 
-2143393418 
-2143393419 
-2143393420 
-2143393421 
-2143393424 
-2143393425 
-2143393426 
-2143393427 
-2143393437 
-2143393438 
-2143393439 
-2143393440 
-2143393441 
-2143393442 
-2143393443 
-2143393444 
-2143393445 
-2143393446 
-2143393447 
-2143393448 
-2143393449 
-2143393450 
-2143393451 
-2143393452 
-2143393453 
-2143393454 
-2143393455 
-2143393456 
-2143393457 
-2143393458 
-2143393459 
-2143393460 
-2143393461 
-2143393462 
-2143393463 
-2143393464 
-2143393465 
-2143393466 
-2143393467 
-2143393468 
-2143393469 
-2143393470 
-2143393471 
-2143393472 
-2143393473 
-2143393474 
-2143393475 
-2143393476 
-2143393477 
-2143393478 
-2143393479 
-2143393480 
-2143393481 
-2143393482 
-2143393483 
-2143393484 
-2143393485 
-2143393486 
-2143393487 
-2143393488 
-2143393489 
-2143393490 
-2143393491 
-2143393492 
-2143393493 
-2143393494 
-2143393495 
-2143393496 
-2143393497 
-2143393498 
-2143393499 
-2143393500 
-2143393501 
-2143393502 
-2143393503 
-2143393504 
-2143393505 
-2143393506 
-2143393507 
-2143393508 
-2143393509 
-2143393510 
-2143393511 
-2143393512 
-2143393513 
-2143393514 
-2143393515 
-2143393516 
-2143393517 
-2143393518 
-2143393519 
-2143393520 
-2143393521 
-2143393522 
-2143393523 
-2143393524 
-2143393525 
-2143393526 
-2143393527 
-2143393528 
-2143393529 
-2143393530 
-2143393531 
-2143393532 
-2143393533 
-2143393534 
-2143393535 
-2143393536 
-2143393537 
-2143393538 
-2143393539 
-2143393540 
-2143393541 
-2143393542 
-2143393543 
-2143393544 
-2143393545 
-2143393546 
-2143393547 
-2143393548 
-2143393549 
-2143393550 
-2143393551 
-2143393552 
-2143393553 
-2143393554 
-2143393555 
-2143393556 
-2143393557 
-2143393562 
-2143393563 
-2143393564 
-2143393565 
-2143393566 
-2143393567 
-2143393568 
-2143393569 
-2143393570 
-2143393571 
-2143393572 
-2143393573 
-2143393574 
-2143393575 
-2143393576 
-2143393577 
-2143393578 
-2143393579 
-2143393580 
-2143393581 
-2143393582 
-2143393583 
-2143393584 
-2143393585 
-2143393586 
-2143393587 
-2143393588 
-2143393589 
-2143393590 
-2143393591 
-2143393592 
-2143393593 
-2143393594 
-2143393595 
-2143393596 
-2143393597 
-2143393598 
-2143393599 
-2143393600 
-2143393601 
-2143393602 
-2143393603 
-2143393604 
-2143393605 
-2143393606 
-2143393607 
-2143393608 
-2143393609 
-2143393610 
-2143393611 
-2143393612 
-2143393613 
-2143393614 
-2143393615 
-2143393616 
-2143393617 
-2143393618 
-2143393619 
-2143393620 
-2143393621 
-2143393622 
-2143393623 
-2143393624 
-2143393625 
-2143393626 
-2143393627 
-2143393628 
-2143393629 
-2143393630 
-2143393631 
-2143393632 
-2143393633 
-2143393634 
-2143393635 
-2143393636 
-2143393637 
-2143393638 
-2143393639 
-2143393640 
-2143393641 
-2143393642 
-2143393643 
-2143393644 
-2143393645 
-2143393646 
-2143393647 
-2143393648 
-2143393649 
-2143393650 
-2143393651 
-2143393652 
-2143393653 
-2143393654 
-2143393655 
-2143393656 
-2143393657 
-2143393658 
-2143393659 
-2143393660 
-2143393661 
-2143393662 
-2143393663 
-2143393664 
-2143393665 
-2143393666 
-2143393667 
-2143393668 
-2143393669 
-2143393670 
-2143393671 
-2143393672 
-2143393673 
-2143393674 
-2143393675 
-2143393676 
-2143393677 
-2143393678 
-2143393679 
-2143393680 
-2143393681 
-2143393682 
-2143393683 
-2143393684 
-2143393685 
-2143393686 
-2143393687 
-2143393688 
-2143393689 
-2143393690 
-2143393691 
-2143393692 
-2143393697 
-2143393698 
-2143393699 
-2143393700 
-2143393701 
-2143393702 
-2143393704 
-2143393705 
-2143393706 
-2143393707 
-2143393708 
-2143393709 
-2143393713 
-2143393714 
-2143393715 
-2143393716 
-2143393717 
-2143393718 
-2143393719 
-2143393720 
-2143393721 
-2143393722 
-2143393724 
-2143393725 
-2143393726 
-2143393731 
-2143393732 
-2143393734 
-2143393735 
-2143393736 
-2143393737 
-2143393738 
-2143393739 
-2143393740 
-2143393741 
-2143393742 
-2143393743 
-2143393744 
-2143393745 
-2143393746 
-2143393747 
-2143393748 
-2143393749 
-2143393750 
-2143393751 
-2143393752 
-2143393753 
-2143393754 
-2143393755 
-2143393756 
-2143393757 
-2143393758 
-2143393759 
-2143393760 
-2143393761 
-2143393762 
-2143393763 
-2143393764 
-2143393765 
-2143393766 
-2143393767 
-2143393768 
-2143393774 
-2143393775 
-2143393776 
-2143393777 
-2143393778 
-2143393779 
-2143393780 
-2143393781 
-2143393782 
-2143393783 
-2143393784 
-2143393785 
-2143393786 
-2143393789 
-2143393790 
-2143393791 
-2143393793 
-2143393794 
-2143393795 
-2143393796 
-2143393797 
-2143393798 
-2143393799 
-2143393800 
-2143393801 
-2143393802 
-2143393805 
-2143393806 
-2143393807 
-2143393810 
-2143393811 
-2143393812 
-2143393813 
-2143393814 
-2143393815 
-2143393816 
-2143393823 
-2143393835 
-2143393838 
-2143393839 
-2143393840 
-2143393841 
-2143393842 
-2143393843 
-2143393844 
-2143393845 
-2143393846 
-2143393847 
-2143393848 
-2143393849 
-2143393850 
-2143393851 
-2143393852 
-2143393853 
-2143393854 
-2143393855 
-2143393856 
-2143393857 
-2143393858 
-2143393859 
-2143393860 
-2143393861 
-2143393862 
-2143393863 
-2143393864 
-2143393865 
-2143393866 
-2143393867 
-2143393868 
-2143393869 
-2143393870 
-2143393871 
-2143393872 
-2143393873 
-2143393874 
-2143393875 
-2143393876 
-2143393877 
-2143393878 
-2143393879 
-2143393880 
-2143393881 
-2143393882 
-2143393883 
-2143393884 
-2143393888 
-2143393889 
-2143393890 
-2143393891 
-2143393892 
-2143393893 
-2143393894 
-2143393895 
-2143393896 
-2143393897 
-2143393900 
-2143393901 
-2143393902 
-2143393903 
-2143393904 
-2143393905 
-2143393906 
-2143393907 
-2143393908 
-2143393911 
-2143393912 
-2143393913 
-2143393914 
-2143393915 
-2143393916 
-2143393917 
-2143393918 
-2143393919 
-2143393920 
-2143393921 
-2143393922 
-2143393923 
-2143393924 
-2143393925 
-2143393926 
-2143393927 
-2143393928 
-2143393932 
-2143393933 
-2143393934 
-2143393935 
-2143393936 
-2143393937 
-2143393939 
-2143393940 
-2143393941 
-2143393942 
-2143393943 
-2143393944 
-2143393945 
-2143393946 
-2143393947 
-2143393948 
-2143393949 
-2143393950 
-2143393951 
-2143393952 
-2143393953 
-2143393954 
-2143393955 
-2143393956 
-2143393957 
-2143393958 
-2143393959 
-2143393960 
-2143393961 
-2143393962 
-2143393963 
-2143393964 
-2143393965 
-2143393966 
-2143393967 
-2143393968 
-2143393969 
-2143393970 
-2143393971 
-2143393972 
-2143393973 
-2143393974 
-2143393975 
-2143393976 
-2143393977 
-2143393978 
-2143393979 
-2143393980 
-2143393981 
-2143393982 
-2143393983 
-2143393984 
-2143393985 
-2143393986 
-2143393987 
-2143393988 
-2143393989 
-2143393990 
-2143393991 
-2143393992 
-2143393993 
-2143393994 
-2143393995 
-2143393996 
-2143393997 
-2143393998 
-2143393999 
-2143394000 
-2143394001 
-2143394002 
-2143394003 
-2143394004 
-2143394005 
-2143394006 
-2143394007 
-2143394008 
-2143394009 
-2143394012 
-2143394013 
-2143394014 
-2143394015 
-2143394016 
-2143394017 
-2143394018 
-2143394019 
-2143394020 
-2143394021 
-2143394022 
-2143394023 
-2143394024 
-2143394025 
-2143394026 
-2143394027 
-2143394028 
-2143394029 
-2143394030 
-2143394031 
-2143394032 
-2143394033 
-2143394034 
-2143394035 
-2143394036 
-2143394037 
-2143394038 
-2143394039 
-2143394041 
-2143394043 
-2143394044 
-2143394045 
-2143394046 
-2143394047 
-2143394048 
-2143394049 
-2143394051 
-2143394052 
-2143394053 
-2143394055 
-2143394056 
-2143394057 
-2143394059 
-2143394060 
-2143394061 
-2143394062 
-2143394063 
-2143394064 
-2143394065 
-2143394066 
-2143394067 
-2143394068 
-2143394069 
-2143394070 
-2143394071 
-2143394072 
-2143394073 
-2143394074 
-2143394075 
-2143394090 
-2143394091 
-2143394092 
-2143394093 
-2143394094 
-2143394095 
-2143394096 
-2143394097 
-2143394098 
-2143394099 
-2143394100 
-2143394101 
-2143394102 
-2143394103 
-2143394104 
-2143394105 
-2143394106 
-2143394107 
-2143394108 
-2143394109 
-2143394110 
-2143394111 
-2143394112 
-2143394113 
-2143394114 
-2143394115 
-2143394116 
-2143394117 
-2143394118 
-2143394119 
-2143394120 
-2143394121 
-2143394122 
-2143394123 
-2143394124 
-2143394125 
-2143394126 
-2143394127 
-2143394128 
-2143394129 
-2143394130 
-2143394131 
-2143394132 
-2143394133 
-2143394134 
-2143394135 
-2143394136 
-2143394137 
-2143394138 
-2143394139 
-2143394140 
-2143394141 
-2143394142 
-2143394143 
-2143394144 
-2143394145 
-2143394146 
-2143394147 
-2143394148 
-2143394149 
-2143394150 
-2143394151 
-2143394152 
-2143394153 
-2143394154 
-2143394155 
-2143394156 
-2143394157 
-2143394158 
-2143394159 
-2143394160 
-2143394161 
-2143394162 
-2143394163 
-2143394164 
-2143394175 
-2143394176 
-2143394177 
-2143394178 
-2143394179 
-2143394180 
-2143394181 
-2143394182 
-2143394183 
-2143394184 
-2143394185 
-2143394186 
-2143394187 
-2143394188 
-2143394189 
-2143394190 
-2143394191 
-2143394192 
-2143394193 
-2143394194 
-2143394195 
-2143394196 
-2143394197 
-2143394198 
-2143394199 
-2143394200 
-2143394201 
-2143394202 
-2143394203 
-2143394204 
-2143394205 
-2143394211 
-2143394212 
-2143394213 
-2143394214 
-2143394215 
-2143394216 
-2143394217 
-2143394218 
-2143394219 
-2143394220 
-2143394221 
-2143394222 
-2143394223 
-2143394224 
-2143394225 
-2143394226 
-2143394227 
-2143394228 
-2143394229 
-2143394230 
-2143394231 
-2143394232 
-2143394233 
-2143394234 
-2143394235 
-2143394236 
-2143394237 
-2143394238 
-2143394239 
-2143394240 
-2143394241 
-2143394242 
-2143394243 
-2143394244 
-2143394245 
-2143394246 
-2143394247 
-2143394248 
-2143394249 
-2143394250 
-2143394251 
-2143394252 
-2143394253 
-2143394254 
-2143394255 
-2143394256 
-2143394258 
-2143394259 
-2143394265 
-2143394266 
-2143394267 
-2143394268 
-2143394269 
-2143394270 
-2143394274 
-2143394275 
-2143394276 
-2143394277 
-2143394278 
-2143394280 
-2143394281 
-2143394282 
-2143394283 
-2143394284 
-2143394285 
-2143394286 
-2143394287 
-2143394288 
-2143394289 
-2143394290 
-2143394291 
-2143394292 
-2143394293 
-2143394294 
-2143394295 
-2143394296 
-2143394297 
-2143394298 
-2143394299 
-2143394300 
-2143394301 
-2143394302 
-2143394305 
-2143394306 
-2143394307 
-2143394308 
-2143394309 
-2143394310 
-2143394311 
-2143394312 
-2143394313 
-2143394314 
-2143394315 
-2143394316 
-2143394317 
-2143394318 
-2143394319 
-2143394320 
-2143394321 
-2143394322 
-2143394323 
-2143394324 
-2143394325 
-2143394326 
-2143394327 
-2143394328 
-2143394329 
-2143394330 
-2143394331 
-2143394332 
-2143394334 
-2143394335 
-2143394336 
-2143394337 
-2143394338 
-2143394339 
-2143394340 
-2143394341 
-2143394342 
-2143394343 
-2143394344 
-2143394352 
-2143394353 
-2143394354 
-2143394355 
-2143394356 
-2143394357 
-2143394386 
-2143394387 
-2143394388 
-2143394389 
-2143394390 
-2143394391 
-2143394392 
-2143394393 
-2143394394 
-2143394395 
-2143394396 
-2143394397 
-2143394398 
-2143394402 
-2143394403 
-2143394404 
-2143394405 
-2143394406 
-2143394407 
-2143394408 
-2143394409 
-2143394410 
-2143394411 
-2143394412 
-2143394420 
-2143394421 
-2143394422 
-2143394423 
-2143394424 
-2143394425 
-2143394426 
-2143394427 
-2143394428 
-2143394429 
-2143394430 
-2143394431 
-2143394432 
-2143394434 
-2143394435 
-2143394436 
-2143394437 
-2143394438 
-2143394439 
-2143394440 
-2143394441 
-2143394442 
-2143394443 
-2143394444 
-2143394445 
-2143394446 
-2143394447 
-2143394448 
-2143394449 
-2143394450 
-2143394451 
-2143394461 
-2143394462 
-2143394465 
-2143394466 
-2143394467 
-2143394468 
-2143394469 
-2143394470 
-2143394471 
-2143394472 
-2143394473 
-2143394474 
-2143394475 
-2143394476 
-2143394477 
-2143394478 
-2143394479 
-2143394480 
-2143394481 
-2143394482 
-2143394483 
-2143394484 
-2143394485 
-2143394486 
-2143394487 
-2143394489 
-2143394491 
-2143394492 
-2143394493 
-2143394495 
-2143394496 
-2143394497 
-2143394498 
-2143394499 
-2143394500 
-2143394501 
-2143394502 
-2143394503 
-2143394504 
-2143394505 
-2143394506 
-2143394507 
-2143394508 
-2143394509 
-2143394510 
-2143394511 
-2143394512 
-2143394513 
-2143394514 
-2143394515 
-2143394516 
-2143394521 
-2143394522 
-2143394523 
-2143394524 
-2143394525 
-2143394526 
-2143394527 
-2143394528 
-2143394529 
-2143394530 
-2143394531 
-2143394532 
-2143394537 
-2143394538 
-2143394539 
-2143394540 
-2143394541 
-2143394542 
-2143394543 
-2143394544 
-2143394545 
-2143394546 
-2143394549 
-2143394550 
-2143394551 
-2143394552 
-2143394553 
-2143394554 
-2143394555 
-2143394556 
-2143394557 
-2143394558 
-2143394559 
-2143394560 
-2143394561 
-2143394562 
-2143394563 
-2143394564 
-2143394565 
-2143394566 
-2143394567 
-2143394568 
-2143394569 
-2143394570 
-2143394571 
-2143394572 
-2143394573 
-2143394574 
-2143394575 
-2143394576 
-2143394577 
-2143394578 
-2143394579 
-2143394580 
-2143394581 
-2143394582 
-2143394583 
-2143394584 
-2143394585 
-2143394586 
-2143394587 
-2143394588 
-2143394589 
-2143394590 
-2143394591 
-2143394592 
-2143394593 
-2143394594 
-2143394595 
-2143394596 
-2143394597 
-2143394598 
-2143394599 
-2143394600 
-2143394601 
-2143394602 
-2143394603 
-2143394604 
-2143394605 
-2143394606 
-2143394607 
-2143394608 
-2143394609 
-2143394610 
-2143394611 
-2143394612 
-2143394613 
-2143394614 
-2143394615 
-2143394616 
-2143394617 
-2143394618 
-2143394619 
-2143394620 
-2143394621 
-2143394622 
-2143394623 
-2143394624 
-2143394625 
-2143394626 
-2143394627 
-2143394628 
-2143394629 
-2143394630 
-2143394631 
-2143394632 
-2143394633 
-2143394634 
-2143394635 
-2143394636 
-2143394637 
-2143394638 
-2143394639 
-2143394640 
-2143394641 
-2143394642 
-2143394643 
-2143394644 
-2143394645 
-2143394646 
-2143394647 
-2143394648 
-2143394649 
-2143394650 
-2143394651 
-2143394652 
-2143394653 
-2143394657 
-2143394658 
-2143394659 
-2143394660 
-2143394661 
-2143394662 
-2143394663 
-2143394664 
-2143394665 
-2143394666 
-2143394667 
-2143394668 
-2143394669 
-2143394670 
-2143394671 
-2143394672 
-2143394673 
-2143394674 
-2143394675 
-2143394676 
-2143394677 
-2143394678 
-2143394679 
-2143394680 
-2143394681 
-2143394682 
-2143394683 
-2143394684 
-2143394685 
-2143394686 
-2143394687 
-2143394688 
-2143394689 
-2143394690 
-2143394691 
-2143394692 
-2143394693 
-2143394694 
-2143394695 
-2143394696 
-2143394697 
-2143394698 
-2143394699 
-2143394700 
-2143394701 
-2143394702 
-2143394703 
-2143394704 
-2143394705 
-2143394706 
-2143394707 
-2143394708 
-2143394709 
-2143394710 
-2143394733 
-2143394734 
-2143394735 
-2143394736 
-2143394737 
-2143394738 
-2143394739 
-2143394740 
-2143394741 
-2143394742 
-2143394743 
-2143394745 
-2143394746 
-2143394747 
-2143394748 
-2143394749 
-2143394750 
-2143394751 
-2143394752 
-2143394753 
-2143394754 
-2143394755 
-2143394756 
-2143394757 
-2143394758 
-2143394759 
-2143394760 
-2143394761 
-2143394762 
-2143394763 
-2143394767 
-2143394768 
-2143394769 
-2143394770 
-2143394771 
-2143394784 
-2143394785 
-2143394786 
-2143394787 
-2143394788 
-2143394789 
-2143394790 
-2143394791 
-2143394792 
-2143394793 
-2143394794 
-2143394795 
-2143394796 
-2143394797 
-2143394798 
-2143394799 
-2143394800 
-2143394801 
-2143394802 
-2143394803 
-2143394804 
-2143394805 
-2143394806 
-2143394810 
-2143394811 
-2143394812 
-2143394813 
-2143394814 
-2143394815 
-2143394816 
-2143394817 
-2143394821 
-2143394822 
-2143394823 
-2143394824 
-2143394825 
-2143394826 
-2143394827 
-2143394828 
-2143394829 
-2143394830 
-2143394831 
-2143394832 
-2143394833 
-2143394834 
-2143394835 
-2143394836 
-2143394837 
-2143394838 
-2143394839 
-2143394840 
-2143394841 
-2143394842 
-2143394843 
-2143394850 
-2143394851 
-2143394852 
-2143394853 
-2143394854 
-2143394855 
-2143394856 
-2143394857 
-2143394858 
-2143394860 
-2143394861 
-2143394862 
-2143394863 
-2143394865 
-2143394866 
-2143394867 
-2143394868 
-2143394869 
-2143394870 
-2143394871 
-2143394872 
-2143394873 
-2143394874 
-2143394875 
-2143394876 
-2143394877 
-2143394878 
-2143394879 
-2143394880 
-2143394881 
-2143394882 
-2143394883 
-2143394884 
-2143394885 
-2143394886 
-2143394887 
-2143394888 
-2143394889 
-2143394890 
-2143394891 
-2143394892 
-2143394893 
-2143394894 
-2143394895 
-2143394896 
-2143394897 
-2143394898 
-2143394899 
-2143394900 
-2143394901 
-2143394902 
-2143394903 
-2143394904 
-2143394905 
-2143394906 
-2143394907 
-2143394908 
-2143394909 
-2143394910 
-2143394911 
-2143394912 
-2143394913 
-2143394914 
-2143394915 
-2143394916 
-2143394917 
-2143394918 
-2143394919 
-2143394920 
-2143394921 
-2143394922 
-2143394923 
-2143394924 
-2143394925 
-2143394926 
-2143394927 
-2143394928 
-2143394929 
-2143394930 
-2143394931 
-2143394933 
-2143394934 
-2143394935 
-2143394936 
-2143394937 
-2143394938 
-2143394939 
-2143394940 
-2143394941 
-2143394942 
-2143394943 
-2143394944 
-2143394945 
-2143394946 
-2143394947 
-2143394948 
-2143394949 
-2143394950 
-2143394951 
-2143394952 
-2143394953 
-2143394954 
-2143394955 
-2143394956 
-2143394957 
-2143394958 
-2143394959 
-2143394960 
-2143394961 
-2143394962 
-2143394963 
-2143394964 
-2143394965 
-2143394966 
-2143394967 
-2143394968 
-2143394969 
-2143394970 
-2143394971 
-2143394972 
-2143394973 
-2143394977 
-2143394978 
-2143394979 
-2143394980 
-2143394981 
-2143394982 
-2143394983 
-2143394984 
-2143394985 
-2143394986 
-2143394987 
-2143394988 
-2143394989 
-2143394990 
-2143394991 
-2143394992 
-2143394993 
-2143394994 
-2143394995 
-2143394996 
-2143394997 
-2143394998 
-2143394999 
-2143395000 
-2143395001 
-2143395002 
-2143395003 
-2143395004 
-2143395005 
-2143395006 
-2143395011 
-2143395012 
-2143395013 
-2143395014 
-2143395015 
-2143395016 
-2143395017 
-2143395018 
-2143395019 
-2143395020 
-2143395021 
-2143395022 
-2143395023 
-2143395024 
-2143395025 
-2143395026 
-2143395027 
-2143395028 
-2143395029 
-2143395030 
-2143395031 
-2143395032 
-2143395033 
-2143395034 
-2143395035 
-2143395036 
-2143395037 
-2143395038 
-2143395039 
-2143395040 
-2143395041 
-2143395042 
-2143395043 
-2143395044 
-2143395045 
-2143395046 
-2143395047 
-2143395048 
-2143395049 
-2143395050 
-2143395051 
-2143395052 
-2143395053 
-2143395054 
-2143395055 
-2143395056 
-2143395057 
-2143395058 
-2143395059 
-2143395060 
-2143395061 
-2143395062 
-2143395063 
-2143395064 
-2143395065 
-2143395066 
-2143395067 
-2143395068 
-2143395069 
-2143395070 
-2143395071 
-2143395072 
-2143395073 
-2143395074 
-2143395076 
-2143395077 
-2143395078 
-2143395079 
-2143395080 
-2143395081 
-2143395082 
-2143395083 
-2143395085 
-2143395086 
-2143395088 
-2143395089 
-2143395090 
-2143395091 
-2143395092 
-2143395093 
-2143395094 
-2143395095 
-2143395096 
-2143395097 
-2143395098 
-2143395099 
-2143395100 
-2143395101 
-2143395102 
-2143395103 
-2143395104 
-2143395105 
-2143395106 
-2143395107 
-2143395108 
-2143395109 
-2143395110 
-2143395111 
-2143395112 
-2143395113 
-2143395114 
-2143395115 
-2143395116 
-2143395117 
-2143395118 
-2143395119 
-2143395120 
-2143395121 
-2143395122 
-2143395123 
-2143395124 
-2143395125 
-2143395126 
-2143395127 
-2143395128 
-2143395129 
-2143395130 
-2143395131 
-2143395133 
-2143395134 
-2143395135 
-2143395136 
-2143395137 
-2143395138 
-2143395139 
-2143395140 
-2143395141 
-2143395148 
-2143395152 
-2143395153 
-2143395154 
-2143395155 
-2143395156 
-2143395157 
-2143395158 
-2143395159 
-2143395160 
-2143395162 
-2143395163 
-2143395164 
-2143395165 
-2143395166 
-2143395167 
-2143395168 
-2143395169 
-2143395170 
-2143395171 
-2143395172 
-2143395173 
-2143395174 
-2143395175 
-2143395176 
-2143395177 
-2143395178 
-2143395179 
-2143395180 
-2143395181 
-2143395182 
-2143395183 
-2143395184 
-2143395185 
-2143395186 
-2143395187 
-2143395188 
-2143395189 
-2143395190 
-2143395191 
-2143395192 
-2143395193 
-2143395195 
-2143395196 
-2143395198 
-2143395199 
-2143395200 
-2143395201 
-2143395202 
-2143395203 
-2143395204 
-2143395205 
-2143395206 
-2143395207 
-2143395208 
-2143395209 
-2143395210 
-2143395211 
-2143395212 
-2143395213 
-2143395214 
-2143395215 
-2143395216 
-2143395217 
-2143395218 
-2143395219 
-2143395220 
-2143395221 
-2143395222 
-2143395223 
-2143395224 
-2143395225 
-2143395226 
-2143395227 
-2143395228 
-2143395229 
-2143395230 
-2143395231 
-2143395232 
-2143395233 
-2143395234 
-2143395235 
-2143395236 
-2143395237 
-2143395238 
-2143395239 
-2143395240 
-2143395241 
-2143395242 
-2143395243 
-2143395244 
-2143395245 
-2143395246 
-2143395247 
-2143395248 
-2143395249 
-2143395250 
-2143395251 
-2143395252 
-2143395253 
-2143395254 
-2143395255 
-2143395256 
-2143395257 
-2143395258 
-2143395259 
-2143395260 
-2143395261 
-2143395262 
-2143395263 
-2143395264 
-2143395265 
-2143395266 
-2143395267 
-2143395268 
-2143395272 
-2143395274 
-2143395275 
-2143395276 
-2143395277 
-2143395278 
-2143395279 
-2143395280 
-2143395281 
-2143395282 
-2143395283 
-2143395284 
-2143395285 
-2143395286 
-2143395287 
-2143395288 
-2143395289 
-2143395290 
-2143395291 
-2143395292 
-2143395293 
-2143395294 
-2143395295 
-2143395296 
-2143395297 
-2143395298 
-2143395299 
-2143395300 
-2143395301 
-2143395302 
-2143395303 
-2143395304 
-2143395305 
-2143395306 
-2143395307 
-2143395308 
-2143395309 
-2143395310 
-2143395311 
-2143395312 
-2143395313 
-2143395314 
-2143395315 
-2143395316 
-2143395317 
-2143395318 
-2143395319 
-2143395320 
-2143395321 
-2143395322 
-2143395323 
-2143395324 
-2143395325 
-2143395326 
-2143395327 
-2143395328 
-2143395329 
-2143395330 
-2143395331 
-2143395339 
-2143395340 
-2143395341 
-2143395342 
-2143395343 
-2143395344 
-2143395345 
-2143395346 
-2143395347 
-2143395349 
-2143395350 
-2143395351 
-2143395352 
-2143395348 
