-8847  -8849 
-2560  -2562 
-2562  -2558 
1970536624  1967343264 
1967343264  1615401915 
1615401915  319432035 
247293203  1615404345 
1615404345  454231775 
454231775  1968799687 
1968799687  1970536626 
-2554  -2552 
247293206  -2548 
-2548  -2550 
-2542  -2544 
-2544  -2546 
-2546  -2528 
-2524  -2540 
-2540  247958669 
-2384  -2538 
301673223  -2536 
-2530  -2532 
-2532  -2534 
-2534  -2526 
-2512  -2514 
-2506  -2508 
-2504  54060647 
-2500  -2502 
-2496  -2498 
-2492  -2494 
-2488  -2490 
-2484  -2486 
-2480  -2482 
-2476  -2478 
-2472  -2474 
-2468  -2470 
984231161  -2466 
-2464  304990730 
-2460  -2462 
-2456  -2458 
-2458  247293176 
-2452  -2454 
-2448  -2450 
-2440  -2444 
-2444  -2446 
-2438  -2440 
-2440  -2442 
-2430  -2432 
-2428  247293214 
-2426  1160269683 
-2422  -2424 
-2418  -2420 
-2380  -2416 
-2386  -2414 
-2388  -2412 
-2394  -2410 
-2390  -2408 
-2398  -2406 
-2392  -2404 
-2400  -2402 
247293216  -2382 
-2378  -2376 
-2374  -2372 
-2370  -2368 
-2366  -2364 
-2362  -2360 
7270052  7270055 
7270055  7270056 
7270056  7270058 
21069412  993673509 
993673509  993673515 
21545939  1601125109 
1601125109  1601125136 
26653391  26653390 
26653390  26653389 
26653389  26653388 
26653388  1150101849 
1150101849  26653387 
26653387  26653386 
26653386  26653385 
26653385  26653384 
26653384  26653383 
-2143395365  26653394 
26653394  26653393 
26653393  26653392 
26653392  26653391 
26653389  26653396 
26653396  26653400 
26653400  26653402 
26653402  26653403 
26653403  26653404 
26653404  26653405 
26653405  26653406 
26653406  26653407 
-2143395366  26653408 
26653408  26653389 
26653414  26653415 
26653415  26653416 
-1887796224  26653394 
26653402  1698094567 
1698094567  27081298 
27081298  27081300 
27081300  27081301 
27081301  1643830811 
1643830811  27081302 
27081302  1150101850 
1150101850  1160269580 
1160269580  1150101875 
298186506  747560524 
747560524  298186510 
298186510  9791529 
31004228  1152071958 
1152071958  1643851245 
1643851245  1643851239 
1643851239  31004229 
31004229  288963460 
288963460  288976337 
288976337  31004230 
31004230  1698087079 
48930560  1152071953 
1152071953  1152071943 
1152071943  247957029 
247957029  247958702 
247958702  304990723 
304990723  49511828 
49511828  298186499 
298186499  395710376 
395710376  1160269690 
1160269690  48930588 
48945804  48945801 
48945801  48945799 
48945799  48945797 
48945797  48945795 
48945795  48945792 
48945792  7270077 
49509575  353914405 
353914405  49509980 
49509980  49510014 
49510014  920423484 
920423484  49510335 
49510335  49510365 
49510365  50773820 
50773820  49510370 
49510370  50773817 
50773817  49510378 
49510378  49510383 
49510383  7270040 
49509575  31004238 
49509575  49510397 
49510397  49510408 
288963460  288963465 
288963465  53358618 
53358618  53358714 
53358649  53358700 
53358700  920423655 
920423655  53358706 
53358706  53358711 
53358711  49510408 
49510408  49510415 
49510415  921305204 
921305204  49510418 
7270035  49511698 
49511698  304990778 
304990778  301673135 
301673135  49511715 
49511715  49511720 
49511720  49511765 
49511765  49511781 
49511781  49511795 
49511795  49511821 
49511821  49511828 
274156147  -1887884934 
-1887884934  151854594 
151854594  -1887884917 
-1887884917  274156150 
274156150  288953354 
288953354  274156151 
274156151  288953370 
288953370  288953366 
288953366  274156153 
274156153  354734668 
354734668  354734667 
48900282  921304562 
921304562  41337014 
41337014  41337020 
41337020  1160269578 
1160269578  41337023 
41337023  41337027 
41337027  41337031 
50773846  50773839 
41337027  1150101859 
1150101859  1150101900 
1150101900  50773842 
50773842  1150101889 
1150101889  50773846 
7270043  50773834 
50773825  921305006 
921305006  920423392 
920423392  920423382 
920423382  50773817 
50773830  50773828 
21133758  21133759 
21133759  21133760 
21133760  21133761 
21133761  21133762 
21133762  21133763 
21133763  21133764 
21133764  21133765 
21545964  250525999 
250525999  52635272 
52635273  52635272 
52635272  52635269 
52635269  52635270 
52635270  52635273 
52635270  52635265 
52732230  342647080 
342647080  52635279 
21545963  250525998 
250525998  52635274 
52732399  250221629 
250221629  52635274 
31004285  1644818711 
1644818711  1644818715 
1644818715  -1887621628 
-1887621628  -1887621624 
-1887621624  21069420 
21069420  983407599 
983407599  -2358 
21069421  31004286 
31004286  -1887621620 
-1887621620  354734671 
354734671  1644818712 
1644818712  1644818710 
1644818710  31004285 
52871154  52871161 
52871161  1862252966 
52871154  -1851654833 
-1851654833  52871157 
52871157  1862252977 
1862252977  52871159 
52871159  250225338 
250225338  151917543 
52871146  52871149 
52871149  52871152 
52871152  52871154 
304898244  304898245 
304898245  52871144 
52871144  304898246 
304898246  52871146 
52871146  342647082 
21069423  247293286 
247293286  247293164 
247293164  52905103 
54060543  354734674 
354734674  354734667 
31004245  7270077 
7270077  7270071 
7270071  7270070 
7270070  7270067 
7270067  7270066 
7270066  7270065 
7270065  7270062 
7270062  7270061 
7270061  7270058 
7270058  50773839 
50773839  -2034126738 
53358688  53358682 
53358682  921304957 
921304957  53358642 
53358642  920423652 
920423652  49509575 
-2143395362  53358642 
53358626  921345535 
921345535  55424432 
55424432  921345544 
921345544  -2143395364 
54060547  -8761 
-8761  -8759 
-8759  54060488 
54060488  54060489 
1150101838  54060376 
54060376  54060380 
54060380  54060383 
54060383  54060386 
54060386  54060390 
54060390  54060392 
54060392  54060396 
54060396  54060399 
54060399  54060401 
54060401  54060405 
54060405  54060407 
54060407  54060409 
54060409  54060411 
54060411  54060414 
54060414  54060417 
54060417  54060343 
1150101880  54060421 
54060421  54060427 
54060427  54060433 
54060433  54060437 
54060437  54060442 
54060442  54060446 
54060446  54060449 
54060449  54060452 
54060452  54060455 
54060455  54060458 
54060458  54060461 
54060461  54060464 
54060464  54060467 
54060467  54060471 
54060471  54060474 
54060474  54060475 
54060475  54060478 
54060478  54060481 
54060481  54060484 
54060484  54060486 
54060486  54060417 
301382603  54060499 
54060499  -2486 
-2486  1150101838 
1150101838  54060595 
54060595  1150101880 
1150101880  54060502 
54060502  1668111635 
1668111635  54060506 
54060506  54060510 
54060510  54060547 
54060547  54060515 
54060515  984231603 
984231603  54060524 
54060527  54060545 
54060545  1668111636 
54060561  1668111640 
54060557  54060565 
54060343  54060492 
54060492  54060608 
54060608  54060611 
54060611  54060613 
54060613  54060615 
54060615  54060617 
54060647  54060649 
54060649  54060651 
54060651  985096827 
21069419  54070538 
54070538  54070520 
54070520  54070540 
54070540  54070542 
54070542  54070548 
54070548  54070550 
54070550  54070553 
54070553  54070557 
54070557  54070558 
54070558  54070561 
54070561  54070564 
54070564  54070615 
54070538  54070583 
54070583  54070586 
54070520  52905141 
54070542  54070597 
54070548  54070601 
54070550  54070603 
54070603  54070620 
54070557  54070608 
54070553  54070606 
54070561  52905134 
54070558  54070611 
54070540  54070592 
288963474  54093194 
54093194  54093197 
54093197  31004229 
54093197  54093200 
54060524  984231425 
984231425  1187324690 
1187324690  984231428 
54741756  41337058 
41337058  1563622352 
1563622352  41337049 
41337049  1563622351 
1563622351  41337047 
41337047  41337044 
41337044  57627860 
57627860  1563529904 
1563529904  1563529900 
1563529900  41337031 
54744188  54744185 
50773820  54092996 
55424694  921345545 
921345545  55424432 
55424436  55424440 
55424440  921345534 
55424440  55424443 
55424443  55424472 
55424472  55424635 
55424635  55424639 
55424639  55424644 
55424644  55424650 
55424650  55424658 
55424658  55424665 
55424665  55424673 
55424673  55424683 
55424683  55424437 
55424437  1643862538 
1643862538  55424436 
55424436  55424432 
54060643  1187324679 
1187324679  -2420 
-2420  57620252 
57620252  -2474 
-2474  57620248 
57620248  -2470 
-2470  1644818711 
31004273  31004274 
31004274  31004275 
31004275  31004276 
31004276  -2432 
-2432  31004277 
31004271  31004273 
31004273  59775853 
59775853  59775852 
31004259  31004270 
31004270  31004271 
31004271  54060645 
54060645  -2514 
-2514  31004272 
31004272  54060620 
54060620  54060623 
54060623  -2482 
-2482  54060624 
54060624  54060617 
54060617  54060627 
54060627  54060647 
54060647  54060628 
54060628  54060630 
54060630  54060632 
54060632  54060635 
54060635  54060637 
54060637  54060643 
31004277  301677729 
301677729  -2442 
-2442  1603595524 
1603595524  301677725 
301677725  301677728 
301677728  301673175 
301673175  57627860 
41337031  304990766 
304990766  31004280 
31004280  31004281 
59775853  274057352 
274057352  1563622361 
1563622361  274057354 
274057354  1603595522 
1603595522  274057355 
274057355  -2446 
-2446  301677729 
7270024  7270027 
7270027  7270029 
7270009  50773825 
50773825  921305120 
921305120  7270034 
50773828  301673133 
301673133  7270029 
7270029  1152071920 
1152071920  7270030 
7270030  354891737 
354891737  7270034 
7270034  7270035 
7270035  7270040 
7270040  7270041 
7270041  7270042 
7270042  7270043 
54070564  54070613 
26653386  26653408 
26653408  26653392 
26653392  1150101835 
27081332  27081333 
27081333  984231081 
984231081  26653386 
151854594  151854598 
151854598  151854600 
151854600  151854604 
151854604  151854610 
151854610  151854614 
151854614  151854618 
151854618  151854706 
151854706  151854710 
151854710  151854712 
151854712  151854715 
151854715  151854719 
151854719  151854723 
151854723  151854727 
151854727  1601125112 
151854604  -1887865276 
-1887865276  151854759 
151854759  274082792 
274082792  -1888556230 
-1888556230  151854784 
151854759  151854764 
151854764  -1887865268 
-1887865268  151854761 
151854764  151854768 
151854770  151854768 
151854768  151854775 
151854775  151854778 
151854778  -1887865278 
-1887865278  -1887865275 
-1887865275  -1887865280 
-1887865280  -1887865265 
151854614  151854788 
151854788  -1886286497 
-1886286497  151854793 
151854793  -1886286512 
-1886286512  -1886286516 
-1886286516  -1886286495 
-1886286495  -1886286505 
-1886286505  -1886286510 
-1886286510  -1886286488 
921270535  921270536 
151854719  151854798 
151854798  151854801 
151854801  151854805 
151854805  -1887763522 
-1887763522  151854811 
151854811  -1887763521 
-1887763521  151854812 
151854812  151854818 
151854818  151854855 
151854855  151854823 
151854798  151854827 
151854827  151854832 
151854832  151854837 
151854837  151854841 
151854841  151854845 
151854827  151854852 
151854855  151854857 
151854801  151854859 
151854859  151854861 
151854861  151854863 
151854863  151854870 
151854870  151854875 
151854875  151854879 
151854879  151854883 
151854883  151854886 
151854886  151854894 
151854894  151854891 
151854863  151854866 
151880403  151880406 
151880406  151880413 
151880413  151880497 
151880497  151880424 
151880424  151880428 
151880428  151880432 
151880432  151880436 
151880436  151880440 
151880440  151880447 
151880447  151880450 
151880450  151880460 
151880460  151880467 
151880467  151880771 
151880413  151880473 
151880473  151880479 
151880479  151880483 
151880483  151880487 
151880487  151880491 
151880497  151880503 
151880447  151880511 
151880511  151880513 
151880513  151880520 
151880428  151880524 
151880524  151880528 
151880528  151854736 
151880771  151880775 
151880775  151880778 
151880778  151880503 
151880503  151880784 
151854712  -1887859184 
-1887859184  151917301 
151917301  151917302 
151917302  -1887859206 
-1887859206  151917303 
151917314  151917305 
151917305  151917303 
151917303  151917306 
151917306  151917307 
151917310  151917307 
151917307  151917312 
151917354  151917356 
151917356  151917362 
151917362  151917368 
151917368  151917374 
151917374  151917380 
151917380  151917383 
151917368  151917510 
151917510  151917424 
151917424  151917497 
151917497  151917580 
151917580  151917480 
151917480  151917595 
151917595  151917468 
151917468  151917452 
151917452  152063552 
152063552  151917440 
151917440  152062035 
152062035  151917434 
151917434  151880755 
151854610  151917388 
151917388  151917392 
151917392  151917398 
151917398  151917403 
151917403  151917408 
151917408  151917411 
151917411  151917418 
151917418  151917424 
151917430  151917517 
151917517  151917434 
151917440  151917445 
151917452  151917522 
151917522  151917460 
151917468  151917476 
151917480  151917527 
151917497  151917503 
151917510  151917532 
151917527  151917484 
151917532  151917512 
151917418  151917561 
151917411  151917563 
151917398  151917569 
151917392  151917575 
151917580  151917585 
151917595  151917614 
151917614  151917608 
151917608  151917599 
151917590  151917605 
151917585  151917599 
151917599  151917590 
151880767  151917622 
151917622  302743150 
302743150  151917575 
151917575  151917626 
151917626  151917305 
151880771  152062034 
152062034  151917306 
152062035  152062036 
152062036  152062038 
152062038  152062039 
152062039  152063390 
152063390  152062040 
152062040  152062042 
152062042  152063388 
152063388  152062044 
152062044  152062048 
152062048  152062050 
152062050  152063581 
152063581  152062052 
152062052  152063327 
152063327  152063333 
152063333  152063343 
152063343  152063383 
152063383  152063348 
152063348  152063352 
152063352  152063361 
152063361  152063367 
152063367  152063370 
152063370  152063372 
152063372  152063528 
152063528  152062039 
152063333  152063390 
152062040  152063501 
152063501  151880759 
152062044  151880765 
152062050  152063570 
152063570  152063563 
152063563  152063507 
152063507  152063565 
152063565  152063574 
152063574  152063593 
152063593  152063513 
152063513  152063518 
152063518  151917605 
151917605  152063520 
152063520  152063525 
152063525  152063560 
152063560  152062038 
152063525  152063528 
152063520  152063534 
152063534  152063542 
152063542  152063545 
152063545  152063552 
152063545  152063560 
152063513  152063333 
152063565  152063570 
152063574  152063581 
152063593  152062052 
52635273  163639535 
163655038  163655020 
244449804  1600382094 
1600382094  1862252966 
1862252966  244449805 
244449805  244449807 
244449808  244449804 
21069424  249661995 
249661995  21069425 
21069425  664212051 
244449810  247957367 
247957367  21069424 
21069422  454256160 
454256160  54070615 
54070615  1873019789 
1873019789  -2053181562 
247293164  247293165 
247293165  247293166 
247293166  247293167 
247293167  247330376 
247330376  247293168 
247293168  247293169 
247293169  247293170 
247293170  247293171 
247293171  247293172 
247293172  247293173 
48930588  1160269614 
1160269614  247957371 
247957371  247957376 
247957376  249338805 
249338805  247293173 
247293173  1160269499 
247293176  247293178 
247293178  247330398 
247330398  1685591179 
1685591179  247958728 
247958728  247330399 
247330399  247293177 
247293189  247293190 
247293192  247293193 
247293193  247293194 
247293194  247293217 
247293217  247293198 
247293198  247293192 
1685591179  247330380 
247330380  247958727 
247958727  247293190 
247293190  -2538 
-2538  247293202 
247293202  -2450 
-2450  247293200 
247293200  1160269507 
1160269507  1160269686 
1160269686  247293201 
247293201  319432030 
319432030  247957030 
247957030  247957031 
247957031  41337031 
247293208  247293209 
247293209  247293210 
247293210  247293211 
247293211  247293200 
247293200  247293203 
247293209  249318066 
249318066  249318067 
249318067  247293198 
247293217  -2364 
-2364  247293216 
247293215  -2508 
-2508  247293218 
247293218  985096754 
985096754  54070501 
247293216  985084904 
985084904  1160269683 
1160269683  247957021 
247957021  985084873 
247293220  247293221 
247293221  354721640 
247293274  -2404 
-2404  247958726 
247958726  -2408 
-2408  -2412 
-2412  247330399 
247330399  -2414 
-2414  247293253 
247957020  247957022 
247957022  247957019 
247957019  247957018 
247957018  247956995 
247293248  247293249 
247293249  247293250 
247293250  247293251 
247293251  247293252 
247293247  247293252 
52905103  247293257 
247293257  247293254 
247293254  247330377 
247293256  247293257 
247293286  244449810 
247330378  247330379 
247330379  1160269552 
247330398  247293188 
247353854  247353855 
247353855  247353856 
247353856  247353859 
247353859  247353857 
247353857  247353860 
247353860  247353858 
247353859  247353861 
247353861  247353862 
247353862  247353863 
247353863  247353864 
247353864  247353865 
247353865  288753144 
288753144  151880403 
151880403  288753141 
288753141  288753142 
288753142  288753143 
247956996  247956997 
31004285  54070505 
54070505  -2498 
-2498  247956995 
247957008  247957009 
247957005  247957010 
247957010  247957008 
247957004  247957012 
247957012  247957013 
247957021  1160269664 
1160269664  247957023 
247957023  247957019 
985096754  -2494 
-2494  247957022 
247957022  247957023 
301677732  247957026 
247957026  247957027 
247957027  247957028 
247957029  31004281 
237230497  247957333 
247957333  247957334 
247957334  1563096029 
247957367  249338785 
249338785  247957368 
247957368  247957369 
247957372  247957373 
247957373  247957374 
247957374  247957375 
247957375  247957376 
247957369  247957370 
247957370  247957372 
247957372  247957371 
301673250  301673241 
301673241  247958598 
247958598  247958611 
247958611  247958610 
247958610  247958608 
247958608  247958607 
247958607  247958606 
247958606  247958605 
247958605  247958604 
247958604  301673248 
301673248  247958601 
247958601  247958600 
247958600  247958599 
247958599  247293219 
247293219  -2502 
-2502  247293220 
247293220  247293215 
247293215  985096764 
247958607  247958612 
247958612  247958613 
247958613  247958614 
247958614  247958615 
247958615  247958617 
247958617  247958618 
247958618  247958619 
247958619  247958620 
247958620  247958621 
247958621  247958622 
247958622  247958624 
247958624  247958625 
247958625  247958626 
247958626  247958627 
247958627  247958628 
247958628  247958629 
247958629  247958631 
247958631  247958632 
247958632  247958633 
247958633  247958634 
247958634  247958635 
247958635  247958636 
247958636  247958638 
247958638  247958639 
247958639  247958640 
247958640  247958641 
247958641  247958642 
247958642  247958643 
247958640  247958645 
247958645  247958646 
247958646  247958647 
247958647  247958648 
247958648  247958649 
247958649  247958650 
247958650  247958651 
247958651  247958653 
247958653  247958654 
247958654  301673241 
247957025  301677710 
301677710  247958666 
247958666  247958665 
247958665  247958663 
247958663  247958662 
247958662  247958661 
247958661  301673220 
301673220  247958659 
247958659  247958657 
247958657  301673223 
301673223  247958667 
247958667  301673250 
247958643  301673229 
301673229  247958668 
247958668  247958669 
247958669  247958670 
247958670  247958672 
247958672  301673209 
301673209  301673215 
301673215  247958674 
247958674  247958675 
247958675  301673220 
247958676  247958669 
247958678  301677704 
301677704  247958679 
247958679  1160269703 
1160269703  247958680 
247958680  319432025 
319432025  247958681 
247958681  301673206 
301673206  301673209 
301673209  247958678 
301677706  301673215 
301677703  301677704 
247958702  247958703 
247958703  247958705 
247958706  247958707 
247958707  247958702 
247958707  247958708 
247293274  247293202 
247293202  -2530 
-2530  247958724 
247958724  247293175 
247958724  -2542 
-2542  247958725 
247958726  247958727 
247330377  247958728 
247958729  247958731 
247958732  247958731 
247958731  247958733 
9791529  298186509 
298186509  48930592 
21545947  21545948 
21545948  1377189446 
1377189446  21545949 
21545949  298186520 
274070529  249661436 
249661436  249661437 
274069728  1644773888 
1644773888  1967770415 
1967770415  274069737 
274069737  274069735 
274069735  274069733 
274069733  274069731 
249661995  249661996 
21545948  249661997 
249661997  249661998 
52728502  52635279 
52635279  52635278 
52635278  163639535 
163639535  52635265 
52635265  52732399 
52732399  52635287 
52635287  250221603 
250131779  2137538421 
2137538421  250131781 
250131781  342660349 
250131781  250131782 
250131782  250131786 
250131782  250218815 
250218815  1564466415 
1564466415  250217033 
250221603  250221605 
250221605  250221606 
250221606  250221609 
250221609  250221612 
250221612  250221614 
250221614  250221616 
250221616  250221619 
250221619  250221621 
250221621  250221623 
250221623  250221626 
250221626  250221627 
250221627  250221631 
250221631  250221629 
250221634  250221635 
250221635  1377189445 
1377189445  1377189444 
1377189444  1377189434 
1377189434  250221639 
250221639  1377189432 
1377189432  250221641 
250221641  250525998 
250525998  250525999 
250525999  250221642 
250221642  250221645 
250225338  250225341 
250225341  250225342 
250225342  1659456268 
1659456268  151917549 
250217033  250133215 
250133215  250133216 
250133216  -2143392595 
-2143392595  250133218 
52728506  26083241 
26083241  342633514 
342633514  342660331 
31004274  274057356 
31004275  274057364 
274057364  274057354 
31004276  274057355 
274057358  274057352 
274057356  274057358 
274057358  274057359 
274057359  274057362 
274057362  274057363 
274057363  274057364 
274069780  274069733 
274069734  274069787 
274069787  274069735 
274069784  274069779 
274069779  274069778 
274069778  274069777 
274069777  274069734 
274069734  274070524 
274070524  274069736 
274069736  274069786 
274069786  274069737 
274069779  274069781 
274069781  274069782 
274070508  274070516 
274070516  274070529 
274070529  274070520 
274070522  274070526 
274070526  274070523 
274070523  274070525 
274070525  274070524 
274070526  274070527 
274070527  274070528 
274070528  274070518 
52866098  52866100 
274073134  274073102 
274248808  274073102 
274073102  49572632 
274073125  274073126 
274073126  1790852799 
1790852799  274252695 
274252695  274073127 
274073127  274073132 
274073132  274252669 
274252669  274073133 
274073126  -2143395358 
274082792  274082794 
274082794  -1886288649 
-1886288649  -1888556173 
-1888556173  -1888556245 
-1888556245  -1888556209 
-1888556209  274082796 
274082796  -1888556198 
-1888556198  -1888556231 
-1888556231  274082802 
274082796  -1888556144 
-1888556144  274082803 
274082803  -1888556142 
-1888556142  274082805 
274082805  -1888556117 
-1888556117  -1888581130 
-1888581130  -1888556128 
-1888556128  274082807 
274082807  -1888556171 
-1888556171  274082809 
274082809  -1888556133 
-1888556133  -1888556125 
-1888556125  274082816 
274082816  -1888556234 
-1888556234  274082802 
274082802  274082811 
274082811  -1887865284 
-1887865284  -1888581142 
-1888581142  274082812 
274082812  -1888556127 
-1888556127  -1888556150 
-1888556150  274082814 
151854784  151854755 
151854755  274082822 
274082822  274082824 
274082824  -1886285620 
-1886285620  49572641 
151854598  151854764 
-2143395357  49572638 
49572638  151854891 
151854891  1790779977 
1790779977  49572635 
49572635  52866100 
274156150  274156161 
274156161  274156156 
274156157  274156160 
274156160  274156159 
274156160  274156161 
274246828  274246829 
274073128  274246831 
274246831  274246835 
274246835  274246832 
274246832  145291618 
-2143395356  274246833 
274246833  274246834 
274246834  274246835 
274246831  145291623 
274246837  274073133 
274252662  274252664 
274252664  274252665 
274252666  274252665 
274252665  274252667 
274252667  274073132 
274252668  274252669 
274252695  274252712 
274252696  274252702 
49572630  274252709 
274252709  274252708 
274252709  274252710 
274252710  274252711 
274252712  274252711 
274252711  274252708 
274252708  274252696 
49572628  274252717 
274073129  274252720 
-1887884868  278865328 
278865328  278865337 
278865337  278865329 
278865329  278865330 
278865330  -1887884791 
-1887884791  -1887884750 
278865337  -1887884907 
-1887884907  -1887884927 
-1887884927  -1887884775 
-1887884775  278865339 
278865339  278865334 
278865334  278865332 
278865333  288953459 
288953459  288953358 
288953358  278865336 
278865336  -1887884743 
-1887884743  278865334 
-1887884671  278865335 
278865335  -1887884732 
-1887884732  278865336 
278865339  288953444 
288750412  288750413 
288750413  288750414 
288750414  288750416 
288750416  1914623337 
288753144  288753145 
288753145  288752005 
288754246  288754244 
288754244  288777800 
288777800  288754245 
288752016  288757365 
288757365  288757367 
288757367  288757364 
288777800  288777801 
288777802  288777801 
288777801  288777803 
288777803  288777805 
288777805  288777862 
288777862  288777806 
288777806  288777807 
288777807  288777861 
288777861  288777808 
288777808  288777810 
288777810  288777809 
288777809  288777824 
288777824  288777813 
288777813  288777823 
288777823  288777814 
288777810  -1887763498 
288777817  288777814 
288777814  288777820 
288777820  288777822 
288777822  288777823 
288777822  288777824 
288777809  288777825 
288777825  288777826 
288777826  288777827 
288777827  288777828 
288777828  288777829 
288777829  288777830 
288777830  2053377760 
288777825  -1887763485 
-1887763485  288777832 
288777832  288777834 
288777834  288777835 
288777835  288777836 
288777836  288777841 
288777841  288777837 
288777837  288777838 
288777838  288754244 
288777839  288777873 
288777873  -1887763473 
-1887763473  288777840 
288777840  -1887763510 
288777837  288777860 
288777836  288777861 
288777862  288777867 
-2143395353  288777873 
288953352  288953362 
288953362  278865333 
278865333  -1886275265 
-1886275265  288953380 
288953380  288953354 
288953356  288953358 
288953360  288953362 
288953364  288953366 
288953370  -1887884754 
-1887884754  1790797031 
1790797031  288953374 
288953374  288953395 
288953395  288953397 
288953397  288953404 
288953404  288953406 
288953406  -1886275269 
-1886275269  -1886275246 
-1886275246  288953408 
288953408  288953360 
288953360  288953410 
288953410  288953412 
288953412  288953414 
288953414  288953416 
288953374  288953376 
288953376  -1887884802 
-1887884802  288953380 
288953446  288953444 
288953450  288953446 
288953412  288953418 
288953418  288953423 
288953423  288953434 
288953434  288953442 
288953442  288953352 
288953352  288953454 
288953454  288953457 
288953450  288953459 
288958053  288958055 
288958055  288958054 
54070597  288958058 
288958059  288958060 
288958060  288958061 
288958063  -1887884677 
288958066  288958073 
288958079  288958082 
288958082  288958085 
288958085  -1887884783 
-1887884783  288958095 
288958095  -1887884805 
-1887884805  288958080 
288958081  288958082 
288958083  288958085 
288958089  288958095 
59775852  288963440 
288963440  31004253 
288963440  288963441 
288963441  288963443 
288963443  31004252 
288963462  288963465 
288976337  288976405 
288976405  -2436 
-2436  288976346 
288976346  288976338 
288976338  -8847 
-8847  288976339 
288976339  288976341 
288976341  288976342 
288976342  288976343 
288976343  288976377 
288976377  288976374 
288976374  288976344 
288976344  288976345 
288976345  288976404 
288976404  31004254 
288976371  -8849 
-8849  288976372 
48930592  747560525 
747560525  298186505 
298186505  1857831719 
1857831719  298186506 
298186515  298186516 
298186516  1659456268 
1659456268  21545961 
21545962  664226304 
664226304  298186517 
298186517  298186520 
7270043  7270046 
7270046  7270047 
7270047  7270052 
7270052  48945804 
48945804  31004233 
31004233  31004234 
31004234  31004235 
31004235  31004236 
31004236  31004237 
31004237  1643862532 
1643862532  31004238 
31004238  31004239 
31004239  1643862534 
1643862534  31004240 
31004240  31004241 
31004241  31004242 
31004242  31004243 
31004243  31004244 
31004244  31004245 
50773834  304990762 
304990762  48930565 
48930565  304990761 
304990761  1152071957 
1152071957  48930560 
298186520  1377189433 
1377189433  1659456384 
1659456384  21545960 
21545960  21545963 
21545963  151917543 
299089272  304898147 
304898147  304898148 
304898148  304898149 
304898149  304898150 
304898150  304898151 
304898151  304898152 
304898152  304898153 
304898153  304898154 
304898154  304898155 
304898155  304898156 
304898156  299089272 
247293246  247293245 
247293245  247293244 
247293244  247293243 
247293243  1160269552 
1160269552  247293242 
247293242  247293241 
247293241  247293174 
274070508  354734678 
163654960  921270449 
921270449  163655038 
163655038  288757364 
288757364  163655025 
301673133  301673161 
301673161  301673135 
52872225  301673138 
301673138  301673139 
301673139  301673158 
301673158  301673142 
301673142  301673160 
301673160  301673147 
301673147  301673148 
301673148  304898163 
304898163  301673150 
301673150  301673153 
301673153  301673154 
301673154  301673156 
301673156  301673158 
301673160  301673161 
301677703  985084945 
985084945  301673200 
301673200  247293258 
247293217  247293194 
247293194  985084880 
985084880  301677699 
301677699  301677701 
301677701  247293258 
301677706  247957025 
247957025  301677732 
301677732  301677729 
48930588  550148664 
550148664  299089272 
247958732  304898246 
304990723  304990734 
304990734  304990725 
304990725  304990727 
304990727  304990726 
304990727  304990728 
304990728  304990729 
304990729  304990730 
304990725  304990731 
304990731  304990732 
298186499  304990749 
247958708  247958709 
247958709  247958711 
247958711  247958712 
247958712  247958713 
247958713  247958719 
247293175  304990760 
304990760  247958720 
247958720  247958721 
247958721  247958722 
247958722  304990756 
304990756  304990758 
247958719  304990760 
304990762  319432017 
319432017  304990763 
304990763  304990765 
304990765  304990766 
48930560  304990768 
304990768  304990769 
304990769  304990771 
304990771  304990772 
304990772  304990773 
304990773  304990774 
304990774  304990775 
304990775  304990777 
304990777  1152071919 
1152071919  304990778 
247293208  319432024 
319432024  -2554 
-2554  319432025 
342647082  342647086 
342647086  342647088 
342647082  342647084 
342647084  52728502 
342660317  342660319 
342660319  26083239 
342660327  247958733 
247958733  52728506 
342660331  342660333 
342660333  342660335 
342660335  342660337 
342660337  342660339 
54060637  985096817 
274070516  274070517 
274070517  274070518 
274070518  274070522 
274070522  274070521 
21069415  354726139 
354734656  354734658 
354734660  354734661 
354734661  354734662 
274070517  354734664 
354734664  354734665 
354734667  354734673 
354734673  354734670 
354734670  -2053181545 
-2053181545  21069418 
21069418  354734676 
354734676  54060543 
354734670  21069419 
21069419  21069420 
21069420  31004287 
31004287  1377189453 
1377189453  21069421 
21069421  247956997 
247956997  21069422 
354734667  1377220129 
1377220129  354734676 
354734678  354734679 
354734679  354734680 
31004231  31004259 
31004259  354734659 
354734659  31004260 
31004260  31004261 
31004261  354734656 
354734656  31004262 
31004262  31004263 
31004263  1644773883 
1644773883  54060497 
54060497  301382603 
301382603  31004264 
31004264  31004265 
31004265  31004266 
31004266  -2490 
-2490  31004267 
31004267  354734662 
21069412  301383345 
301383345  21069413 
21069413  1974454284 
1974454284  354734678 
354734678  21069414 
21069414  354734666 
354734666  1644773889 
1644773889  21069415 
21069415  1644773886 
342660331  26083239 
26083239  304898252 
304898252  342660345 
237230489  237230507 
237230507  237230494 
237230494  298186511 
298186511  237230497 
237230497  9791529 
21133755  1152092786 
1152092786  21133756 
21133756  1152092864 
1152092864  21133757 
21133757  1152092823 
1152092823  21133758 
48930592  48930590 
48930590  1862252981 
1862252981  298186514 
298186514  48930588 
298186506  -1851654831 
298186505  298186510 
21069422  247293248 
247293248  21069423 
21069423  288953461 
288953461  244449810 
1601125112  151854731 
151854731  151854750 
151854750  151854736 
151854736  -1887763497 
-1887763497  1790831308 
1790831308  151854739 
151854739  1790831310 
1790831310  288777802 
288777802  -2143395354 
52866100  -1887763505 
-1887763505  49572632 
49572632  -1887763481 
-1887763481  274073125 
274073125  1790779976 
1790779976  49572630 
49572630  288777831 
288777831  274252702 
274252702  2053377764 
2053377764  49572628 
49572628  -1887763472 
18667983  1160269644 
1160269644  21069412 
354734667  54070579 
54070579  21545937 
21545937  1668868122 
1668868122  52905141 
52905141  288958059 
288958059  21545938 
21545938  54070620 
54070620  288958054 
288958054  1601125172 
1601125172  21545939 
319432035  454231775 
550148658  550148664 
550173412  550173748 
550173748  550173750 
550173750  550173754 
550173754  550173756 
550173756  550173759 
550173759  550173761 
550173761  550173763 
550173763  550173765 
550173765  550173767 
550173767  550173769 
550173769  550172856 
550172856  550173412 
664210167  1659456367 
1659456367  1152092878 
1152092878  249612086 
664210167  664210172 
664210172  664210175 
21545958  21545959 
21545959  21133755 
664210228  1152092850 
1152092850  1152092785 
1152092785  664210191 
664210191  664210229 
664210229  664235211 
664235211  664210230 
664210230  664210231 
664210231  1377189445 
1377189445  21545949 
664210234  664210237 
664210237  664210238 
664210238  664210239 
664210239  664210240 
664210240  664210241 
664210241  664210242 
664210242  262687715 
664210252  664210253 
664210253  664210254 
664210254  664210255 
664210255  664210256 
664210256  664210257 
664210257  664210258 
664210258  664210228 
664217543  664210252 
664210228  1836072747 
1836072747  1152092840 
1152092840  664210260 
21545949  664212050 
664212050  1659456407 
1659456407  1659456374 
1659456374  1659456320 
1659456320  664212051 
21545961  151917549 
151917549  21545962 
31004277  57620259 
920423379  920423382 
920423389  920423392 
920423470  920423473 
920423480  920423484 
31004234  920423490 
920423490  49510335 
920423508  920423490 
920423490  920423511 
31004235  920423521 
920423521  920423523 
920423523  920423526 
920423526  31004236 
920423600  920423604 
920423604  49510397 
1701812266  920423473 
920423473  920423631 
920423631  1701810678 
1701810678  1701810680 
1701810680  1701810681 
1701810681  920423633 
920423633  1701810683 
1701810683  920423634 
920423634  1701810685 
1701810685  920423604 
920423652  920423655 
921270449  921270450 
921270509  921270511 
921270511  921270513 
921270513  151880755 
921304545  921304549 
921304549  921304554 
921304554  921304490 
921304949  921304957 
921305003  921305006 
49510370  920423379 
921305117  921305120 
921305201  921305204 
921345534  921345535 
921345535  921345536 
921345536  41338176 
921345543  921345544 
921345545  921345536 
54060524  54060527 
247293258  -2402 
-2402  247957013 
247957013  -2406 
-2406  -2410 
-2410  247293177 
247293177  247957009 
247957009  1160269615 
1160269615  -2454 
-2454  983404841 
983404841  247293259 
985084904  985074726 
985074726  1160269599 
1160269599  985074731 
985074731  985074735 
985074735  1914623340 
1160269664  985074756 
985074756  985074731 
985084875  247293213 
247293213  247293214 
247293214  -2360 
-2360  -2424 
-2424  354721641 
354721641  354721642 
354721642  247293218 
985084873  985084875 
985074726  985084877 
247293274  985084880 
985096804  57620259 
57620259  985096805 
985096805  -2372 
-2372  -2376 
-2376  -2368 
-2368  985096810 
985096810  985096764 
985096764  985096813 
985096813  985096817 
985096817  985096821 
985096821  985096825 
985096825  -2416 
-2416  985096827 
985096827  985096804 
21029316  1150101894 
1150101894  1150101849 
26653412  354734659 
26653414  1152071963 
41337031  1160269681 
1160269681  1563529901 
1563529901  1160269481 
1160269481  1160269544 
1160269544  1160269597 
1160269597  1563529907 
1563529907  1160269646 
1160269646  1160269709 
1160269709  1160269518 
1160269518  1160269576 
1160269576  1160269619 
1160269619  1160269684 
1160269684  1160269489 
1160269489  1160269548 
1160269548  1563529908 
1563529908  1563529909 
1563529909  1160269600 
1160269600  1563529910 
1563529910  247957025 
1160269481  1160269703 
-2143395359  1160269666 
1160269666  1160269726 
1160269726  1160269531 
1160269531  1160269580 
1160269499  247293174 
247293174  304990730 
304990730  247293176 
247293176  -2462 
-2462  247293175 
1160269683  1160269599 
921304534  921304537 
921304537  41337014 
50773846  1160269723 
41337049  1160269730 
1160269730  1160269658 
1160269658  1160269713 
1160269713  48900282 
247293203  247293204 
247293204  247293201 
247293201  247293205 
247293205  247293206 
247293206  247293207 
247293207  247293212 
247293212  247293208 
1187324679  1187324666 
1187324666  -2560 
-2560  1187324670 
1187324670  1187324682 
1187324682  1187324692 
1187324692  1187324676 
1187324676  1187324678 
1187324678  1187324665 
1187324665  1187324690 
1303879428  1303879425 
1303879425  1303879416 
1303879416  21545957 
21545957  21545958 
250221635  1377189446 
664210230  1377189443 
1377189443  1377189434 
1377189434  1377189433 
1562924005  1914623339 
1914623339  1562912126 
1562912126  288976346 
288976346  288976377 
288976377  1562919320 
1562919320  41337068 
1562924056  1914623339 
1914623339  288976344 
1563529904  1563529905 
1563529905  1563529906 
1563529906  1563529903 
1563529903  1563529902 
1563529902  1563529900 
1563622354  1563622351 
1563622361  1563622357 
1563622357  1563622355 
1563622355  1563622354 
1601125142  1601125088 
1601125088  1601125096 
1601125096  1601125103 
1601125103  1601125136 
1601125142  1601125099 
1601125099  151880755 
151880755  1601125151 
1601125151  1601125104 
1601125104  151880759 
151880759  151880765 
151880765  1914623337 
1914623337  1601125106 
1601125106  151880767 
151880767  151880771 
151880771  1601125135 
1601125135  1601125132 
1601125132  1601125086 
1601125086  1601125112 
1601125172  1601125137 
1601125137  1601125144 
1601125144  1601125154 
1601134795  1601134705 
1601134705  41337068 
41337068  41338176 
41338176  55424694 
55424694  1601134769 
1601134769  53358618 
53358618  1601134736 
1601134736  1601134692 
301677725  1603595521 
1603595521  1603595547 
1603595547  1603595522 
1603595524  1603595529 
1603595529  1603595557 
1603595557  1603595553 
1603595553  247957025 
1160269594  31004288 
31004288  21545940 
21545940  21545941 
21545941  21545942 
354734671  1644818713 
1644818713  1644818714 
1644818714  1644818715 
31004287  1644833945 
1644833945  -2053181548 
-2053181548  -1887621624 
21545960  298186515 
298186515  21545962 
1659456384  1659456325 
1659456325  1659456321 
1659456321  298186515 
249612090  1659456314 
1659456314  249612086 
249612086  1659456274 
1659456274  1659456290 
1659456290  1659456282 
1659456282  1659456363 
1659456363  1659456331 
1659456331  1659456411 
1836072746  1659456391 
1659456391  1303879442 
1303879442  1659456323 
1659456323  1836072750 
1836072750  1303879428 
1659456263  1659456284 
1659456284  1659456339 
249612090  1659456310 
1659456310  1659456357 
1659456357  1659456267 
1659456267  664210167 
21545941  1659456329 
1659456329  1659456312 
1659456312  249612090 
21545962  1659456381 
1659456381  664212051 
21545947  1659456356 
1659456356  250221634 
250221634  1659456358 
1659456358  1659456370 
1659456370  1659456361 
1659456361  1659456260 
1659456260  1659456355 
1659456355  1659456324 
1659456324  1659456293 
1659456293  1659456360 
1659456360  1659456337 
1659456337  21545957 
54060555  54060557 
1668111641  54060557 
54060547  54060551 
54060551  1725582974 
1668111635  1668111640 
54070586  1668868122 
1698087079  1698087083 
920423634  1701810682 
1668111630  54060530 
54060530  1668111631 
1668111631  54060527 
1668111630  1668111629 
1668111629  54060534 
54060534  54060603 
54060603  1377220131 
1668111640  1668111641 
1668111641  1668111642 
1725582974  54060555 
54060555  1725582979 
1725582979  1725582984 
1725582984  1725582987 
1725582987  1725582982 
1725582982  1725582977 
1725582977  1668111636 
1601125136  1160269594 
1790797031  1790797032 
1790797032  1790797033 
1790797033  1790797034 
1790797034  1790797036 
1790797036  288953386 
288953386  288953376 
1152071926  52872225 
52872225  50773828 
1601125154  1601125125 
1601125125  1601125107 
1601125107  1601125142 
1601125109  1601125110 
1601125110  1601125154 
1659456404  1873019771 
1873019771  1601125109 
1967770415  1967770416 
1967770416  1967770418 
1967770418  1967770421 
1967770421  1967770422 
151854750  2027774282 
2027774282  2027774280 
2027774280  2027774276 
2027774276  2027774338 
2027774338  2027774317 
2027774317  -1887763514 
2027774338  2027774294 
2027774294  2027774306 
2027774306  2027774326 
2027774326  2027774311 
2027774294  2027774301 
2027774301  2027774335 
2027774301  2027774300 
2027774300  -1887763495 
-1887763495  2027774319 
2027774281  2027774285 
2027774285  921270536 
921270536  288752023 
288752023  288750412 
288750412  288752018 
288752018  288752016 
288752016  247353854 
247353854  288752015 
288752015  288752007 
288752007  163655025 
163655025  288752005 
288752005  1790831305 
1790831305  151854739 
2027774300  -1887763536 
-1887763536  2027774330 
2027774330  -1887763469 
-1887763469  2027774291 
274073127  274073128 
274073128  1790852800 
1790852800  274246829 
274246829  274073129 
274073129  274073130 
54070505  -2466 
-2466  -1887884712 
-1887884712  984231792 
984231792  54070501 
54070586  54070576 
54070576  54070579 
2053377766  -1887763541 
-1887763541  2053377760 
2053377760  2053377755 
2053377755  2053377762 
2053377762  2053377764 
247956995  1914623340 
1914623340  247957004 
247957004  247957005 
247957005  247957006 
247957006  247957007 
247956995  247956996 
247956996  247293247 
247293247  247293259 
247293259  247293253 
247293253  247330377 
247330377  247293246 
2137538402  2137538406 
2137538406  2137538435 
342660319  2137538414 
2137538414  2137538402 
2137538402  2137538421 
-2127045364  52635292 
52635292  52635284 
52635284  250131779 
-2053181562  -2053181555 
-2053181555  1659456404 
1659456404  1160269542 
1160269542  1160269594 
21069418  -2053181541 
-2053181541  -2053181543 
-2053181543  354734673 
993673509  -2053181537 
-2053181537  -2053181539 
-2053181539  1160269644 
1659456334  -2053181559 
-2053181559  -2053181552 
-2053181552  -2053181551 
-2053181551  -2053181557 
-2053181557  -2053181555 
1160269594  -2053181550 
-2053181550  1659456339 
1659456339  -2053181552 
-2053181552  1659456332 
1659456332  1873019789 
-2034126738  48930563 
48930563  50773834 
31004245  921304490 
921304490  54744188 
54744188  1643862537 
1643862537  31004246 
31004246  31004247 
31004247  53358626 
53358626  31004248 
31004248  31004249 
31004249  31004250 
31004250  54741756 
54741756  31004251 
31004251  31004252 
31004252  1601134795 
1601134795  54741752 
54741752  31004253 
31004253  31004254 
31004254  31004256 
31004256  1152071934 
1152071934  31004231 
-2032137653  301673133 
1644773886  274069728 
274069728  -2478 
-2478  354734677 
354734677  21069416 
21069416  288958080 
288958080  1668111642 
1668111642  54060565 
54060565  288958073 
288958073  21069417 
21069417  354734672 
354734672  1377220131 
1377220131  54060543 
1659456339  1659456404 
262687715  1659456326 
1659456326  1659456327 
1659456327  1659456394 
1659456394  1659456263 
1659456263  1659456334 
1659456334  1659456332 
274082805  -1888581177 
-1888556203  -1888556246 
-1888556233  -1888556214 
-1888556214  -1888556174 
-1888556174  -1888556139 
-1888556139  -1888556138 
-1888556138  -1888556134 
-1888556134  -1888581133 
-1888556117  -1888556155 
-1888556155  -1888556233 
-1888556157  -1888556222 
-1888556144  -1888556158 
-1888556158  -1888556237 
-1888556237  -1888556146 
-1888556146  -1888556228 
-1888556228  -1888556199 
-1888556199  -1888556207 
-1888556237  -1888556184 
-1888556184  -1888556226 
-1888556226  -1888556223 
-1888556223  -1886288649 
-1888556242  -1888556191 
-1888556191  -1888556201 
-1888556201  -1888556203 
-1888556203  -1888556206 
-1888556206  -1888556128 
-1888556174  -1888556156 
-1888556156  -1888556218 
-1888556218  -1888556250 
-1888556250  -1888556153 
-1888556153  -1888556143 
-1888556143  -1888556124 
-1888556124  -1888556132 
-1888556132  -1888556205 
-1888556205  -1888556195 
-1888556165  -1888556183 
-1888556183  -1888556211 
-1888556211  -1888556151 
-1888556151  -1888556251 
-1888556251  -1888556196 
-1888556231  -1888556190 
-1888556190  -1888556159 
-1888556159  -1888556131 
-1888556204  -1888556136 
-1888556136  -1888556242 
-1888556242  -1888556129 
-1888556129  -1888556163 
-1888556163  -1888556204 
-1888556245  -1888556157 
-1888556157  -1888556182 
-1888556182  -1888556164 
-1888556164  -1888556240 
-1888556193  -1888556118 
-1888556118  -1888556165 
-1888556165  -1888581177 
-1888581177  -1888556210 
-1888556210  -1888556247 
-1888556247  -1888556241 
-1888556241  -1888556200 
-1888556200  -1888556248 
-1888556248  -1888556148 
-1888556148  -1888556122 
-1888556122  -1888556207 
-1888556207  -1888556119 
-1888556119  -1888556169 
-1888556169  -1888556208 
-1888556208  -1888556179 
-1888556179  -1888556142 
274082814  -1888556244 
-1888556244  -1886288647 
-1888556193  -1888556235 
-1888556235  -1888556227 
-1888556227  -1888556221 
-1888556221  -1888556225 
-1888556153  -1888556149 
-1888556149  -1888556236 
-1888556236  -1888556180 
-1888556180  -1888556121 
-1888556121  -1888556172 
-1888556172  -1888556113 
-1888556113  -1888556137 
-1888556137  -1888556156 
-1887884787  -1887884727 
-1887884727  -1887884934 
-1887884679  -1887884946 
-1887884818  -1887884692 
-1888556204  -1888556131 
-1887884675  -1887884700 
-1887884700  -1887884858 
-1887884858  -1887884762 
-1887884762  -1887884795 
-1887884795  -1887884681 
-1887884681  -1887884824 
-1887884824  -1887884883 
-1887884883  -1887884758 
-1887884758  -1887884887 
-1887884887  -1887884833 
-1887884833  -1887884694 
-1887884694  -1887884698 
-1887884698  -1887884901 
-1887884901  -1887884816 
-1887884816  -1887884787 
-1887884787  -1887884752 
-1887884752  -1887884657 
-1887884657  -1887884735 
-1887884735  -1887884872 
-1887884872  -1887884839 
-1887884901  -1887884671 
-1887884671  -1887884743 
-1887884839  -1887884842 
-1887884842  -1887884937 
-1887884937  -1887884895 
-1887884895  -1887884791 
-1887884802  -1887884708 
-1887884708  -1887884667 
-1887884667  -1887884746 
-1887884746  -1887884821 
-1887884821  -1887884714 
-1887884714  -1887884738 
-1887884738  -1887884754 
-1887884833  -1887884917 
-1887884836  -1887884748 
-1887884748  -1887884941 
-1887884941  -1887884864 
-1887884864  -1887884675 
-1887884675  288953380 
-1887884913  -1887884898 
-1887884805  -1887884696 
-1887884769  -1887884798 
-1887884798  -1887884773 
-1887884773  -1887884781 
-1887884781  -1887884923 
-1887884923  -1887884756 
-1887884756  -1887884722 
-1887884722  -1887884793 
-1887884793  -1887884777 
-1887884777  -1887884853 
-1887884809  -1887884683 
-1887884730  -1887884767 
-1887884767  -1887884880 
-1887884796  -1887884814 
-1887884941  -1887884715 
-1887884715  -1887884710 
-1887884910  -1887884850 
-1887884850  -1887884920 
-1887884920  -1887884677 
-1887884677  21069417 
-1887884783  -1887884913 
-1887884913  -1887884856 
-1887884856  -1887884814 
-1887884814  -1887884766 
-1887884766  -1887884809 
-1887884809  -1887884724 
-1887884724  -1887884764 
-1887884764  -1887884847 
-1887884847  -1887884801 
-1887884801  -1887884779 
-1887884779  -1887884687 
-1887884687  -1887622505 
-1887622505  -1887884946 
-1887884946  -1887884692 
-1887884692  -1887884719 
-1887884719  -1887884785 
-1887884785  -1887884769 
-1887884769  -1887884807 
-1887884807  -1887884931 
-1887884931  -1887884880 
-1887884715  288953459 
-1887865268  -1887865281 
-1887865270  -1887865284 
274082809  -1887865267 
-1887865267  -1887865274 
151854784  -1887865265 
-1887865265  -1887865283 
-1887794901  54060579 
54060579  54060584 
54060584  54060588 
54060588  54060591 
54060591  54060595 
-1887763537  -1887763549 
-1887763549  -1887763511 
-1887763501  -1887763502 
-1887763502  -1887763468 
-1887763468  -1887763550 
-1887763550  -1887763548 
-1887763548  -1887763507 
-1887763507  -1887763470 
-1887763470  -1887763499 
-1887763499  -1887763528 
-1887763528  -1887763537 
-1887763537  -1887763539 
-1887763539  -1887763515 
-1887763515  2053377762 
-1887763485  -1887763507 
151854866  -1887763505 
288777817  -1887763492 
-1887763492  -1887763476 
-1887763476  -1887763504 
-1887763504  -1887763544 
-1887763544  -1887763488 
-1887763488  -1887763541 
-1887763510  288777841 
-1887763506  -1887763542 
-1887763542  -1887763498 
-1887763498  -1887763551 
-1887763551  288777867 
288777867  -1887763517 
-1887763517  -1887763496 
288777825  -1887763480 
-1887763480  -1887763525 
-1887763507  -1887763524 
-1887763524  -1887763535 
-1887763535  -1887763473 
-1887763547  -1887763504 
2027774335  -1887763531 
-1887763531  -1887763500 
-1887763500  -1887763518 
-1887763518  -1887763474 
-1887763474  -1887763512 
-1887763512  -1887763477 
-1887763477  -1887763479 
-1887763479  -1887763545 
-1887763545  -1887763526 
-1887763526  -1887763538 
-1887763538  -1887763514 
-1887763514  -1887763513 
-1887763513  -1887763523 
-1887763523  2053377766 
2053377766  -1887763547 
-1887763547  -1887763506 
-1887763506  2027774280 
-1887763481  -1887763478 
-1887763497  -1887763482 
-1887763482  -1887763534 
-1887763534  -1887763516 
-1887763516  -1887763508 
-1887763508  -1887763483 
-1887763483  -1887763496 
-1887763496  -1887763509 
-1887763509  -1887763503 
-1887763543  -1887763514 
-1887763539  -1887763489 
-1887763489  -1887763530 
-1887763530  -1887763520 
-1887763520  -1887763529 
-1887763529  -1887763471 
-1887763471  -1887763475 
-1887763475  -1887763487 
-1887763487  -1887763486 
-1887763486  -1887763546 
-1887763546  -1887763520 
-1887763478  -1887763543 
-1887622539  -1887622560 
-1887622539  -1887622026 
-1887622026  -1887622498 
-1887622498  -1887622022 
-1887622022  -1887622545 
-1887622545  -1887622548 
-1887622548  -1887622024 
-1887622024  -1887622505 
-2053181548  -1887621626 
-1887621626  -1887621614 
-1887621614  -1887621610 
-1887621610  -1887621606 
-1887621606  -1887621612 
-1887621612  -1887621616 
-1887621616  -1887621608 
-1887621608  -1887621622 
1644833945  -1887621618 
-1887621618  -1887621622 
-1887621622  -1887621620 
-1887621610  -1887621628 
-1888556226  -1886288651 
-1886288648  -1886288643 
-1886288643  -1886288653 
-1886288653  -1888556207 
-1888556247  -1886288645 
-1886288645  -1886288646 
-1888556200  -1886288642 
-1886288642  -1886288652 
-1886288652  -1886288654 
-1886288654  -1886288650 
-1886288650  -1886288648 
-1886288648  -1886288644 
-1886275265  -1886275251 
354734662  31004268 
31004268  31004269 
31004269  21069412 
250131779  52635282 
52635282  52635281 
52635281  52732247 
52732247  52728506 
342647088  26083243 
26083243  52728502 
52728502  52728506 
151917543  21545964 
21545964  52732230 
52732230  342647088 
-1851654833  -1851654832 
-1851654832  -1851654830 
-1851654830  -1851654831 
1152071963  31004231 
26653416  26653417 
26653417  26653407 
26653407  26653409 
26653409  26653410 
26653410  26653411 
26653411  26653412 
26653412  26653413 
26653413  26653414 
1698087079  1152071963 
27081318  27081319 
27081319  27081320 
27081320  1150101894 
1150101894  27081322 
27081322  1698087083 
1698087083  27081323 
27081323  27081324 
27081324  26653416 
-1851654831  21545961 
27081326  27081328 
27081328  26653386 
247293217  -2450 
247958719  247958718 
57620252  985096754 
